k_0 =
[[ 3.18750000e+02  0.00000000e+00  0.00000000e+00 -3.18750000e+02  0.00000000e+00  0.00000000e+00]
 [ 0.00000000e+00  3.11279297e-01  1.24511719e+00  0.00000000e+00 -3.11279297e-01  1.24511719e+00]
 [ 0.00000000e+00  1.24511719e+00  6.64062500e+00  0.00000000e+00 -1.24511719e+00  3.32031250e+00]
 [-3.18750000e+02  0.00000000e+00  0.00000000e+00  3.18750000e+02  0.00000000e+00  0.00000000e+00]
 [ 0.00000000e+00 -3.11279297e-01 -1.24511719e+00  0.00000000e+00  3.11279297e-01 -1.24511719e+00]
 [ 0.00000000e+00  1.24511719e+00  3.32031250e+00  0.00000000e+00 -1.24511719e+00  6.64062500e+00]]

k_1 =
[[ 3.18750000e+02  0.00000000e+00  0.00000000e+00 -3.18750000e+02  0.00000000e+00  0.00000000e+00]
 [ 0.00000000e+00  3.11279297e-01  1.24511719e+00  0.00000000e+00 -3.11279297e-01  1.24511719e+00]
 [ 0.00000000e+00  1.24511719e+00  6.64062500e+00  0.00000000e+00 -1.24511719e+00  3.32031250e+00]
 [-3.18750000e+02  0.00000000e+00  0.00000000e+00  3.18750000e+02  0.00000000e+00  0.00000000e+00]
 [ 0.00000000e+00 -3.11279297e-01 -1.24511719e+00  0.00000000e+00  3.11279297e-01 -1.24511719e+00]
 [ 0.00000000e+00  1.24511719e+00  3.32031250e+00  0.00000000e+00 -1.24511719e+00  6.64062500e+00]]

k_2 =
[[ 3.18750000e+02  0.00000000e+00  0.00000000e+00 -3.18750000e+02  0.00000000e+00  0.00000000e+00]
 [ 0.00000000e+00  3.11279297e-01  1.24511719e+00  0.00000000e+00 -3.11279297e-01  1.24511719e+00]
 [ 0.00000000e+00  1.24511719e+00  6.64062500e+00  0.00000000e+00 -1.24511719e+00  3.32031250e+00]
 [-3.18750000e+02  0.00000000e+00  0.00000000e+00  3.18750000e+02  0.00000000e+00  0.00000000e+00]
 [ 0.00000000e+00 -3.11279297e-01 -1.24511719e+00  0.00000000e+00  3.11279297e-01 -1.24511719e+00]
 [ 0.00000000e+00  1.24511719e+00  3.32031250e+00  0.00000000e+00 -1.24511719e+00  6.64062500e+00]]

k_3 =
[[ 3.18750000e+02  0.00000000e+00  0.00000000e+00 -3.18750000e+02  0.00000000e+00  0.00000000e+00]
 [ 0.00000000e+00  3.11279297e-01  1.24511719e+00  0.00000000e+00 -3.11279297e-01  1.24511719e+00]
 [ 0.00000000e+00  1.24511719e+00  6.64062500e+00  0.00000000e+00 -1.24511719e+00  3.32031250e+00]
 [-3.18750000e+02  0.00000000e+00  0.00000000e+00  3.18750000e+02  0.00000000e+00  0.00000000e+00]
 [ 0.00000000e+00 -3.11279297e-01 -1.24511719e+00  0.00000000e+00  3.11279297e-01 -1.24511719e+00]
 [ 0.00000000e+00  1.24511719e+00  3.32031250e+00  0.00000000e+00 -1.24511719e+00  6.64062500e+00]]

k_4 =
[[ 1.56923077e+02  0.00000000e+00  0.00000000e+00 -1.56923077e+02  0.00000000e+00  0.00000000e+00]
 [ 0.00000000e+00  3.71415567e-02  3.01775148e-01  0.00000000e+00 -3.71415567e-02  3.01775148e-01]
 [ 0.00000000e+00  3.01775148e-01  3.26923077e+00  0.00000000e+00 -3.01775148e-01  1.63461538e+00]
 [-1.56923077e+02  0.00000000e+00  0.00000000e+00  1.56923077e+02  0.00000000e+00  0.00000000e+00]
 [ 0.00000000e+00 -3.71415567e-02 -3.01775148e-01  0.00000000e+00  3.71415567e-02 -3.01775148e-01]
 [ 0.00000000e+00  3.01775148e-01  1.63461538e+00  0.00000000e+00 -3.01775148e-01  3.26923077e+00]]

k_5 =
[[ 1.56923077e+02  0.00000000e+00  0.00000000e+00 -1.56923077e+02  0.00000000e+00  0.00000000e+00]
 [ 0.00000000e+00  3.71415567e-02  3.01775148e-01  0.00000000e+00 -3.71415567e-02  3.01775148e-01]
 [ 0.00000000e+00  3.01775148e-01  3.26923077e+00  0.00000000e+00 -3.01775148e-01  1.63461538e+00]
 [-1.56923077e+02  0.00000000e+00  0.00000000e+00  1.56923077e+02  0.00000000e+00  0.00000000e+00]
 [ 0.00000000e+00 -3.71415567e-02 -3.01775148e-01  0.00000000e+00  3.71415567e-02 -3.01775148e-01]
 [ 0.00000000e+00  3.01775148e-01  1.63461538e+00  0.00000000e+00 -3.01775148e-01  3.26923077e+00]]

K_0 =
[[ 3.11279297e-01  1.94987480e-14 -1.24511719e+00 -3.11279297e-01 -1.94987480e-14 -1.24511719e+00]
 [ 1.94987480e-14  3.18750000e+02  7.62414389e-17 -1.94987480e-14 -3.18750000e+02  7.62414389e-17]
 [-1.24511719e+00  7.62414389e-17  6.64062500e+00  1.24511719e+00 -7.62414389e-17  3.32031250e+00]
 [-3.11279297e-01 -1.94987480e-14  1.24511719e+00  3.11279297e-01  1.94987480e-14  1.24511719e+00]
 [-1.94987480e-14 -3.18750000e+02 -7.62414389e-17  1.94987480e-14  3.18750000e+02 -7.62414389e-17]
 [-1.24511719e+00  7.62414389e-17  3.32031250e+00  1.24511719e+00 -7.62414389e-17  6.64062500e+00]]

K_1 =
[[ 3.11279297e-01  1.94987480e-14 -1.24511719e+00 -3.11279297e-01 -1.94987480e-14 -1.24511719e+00]
 [ 1.94987480e-14  3.18750000e+02  7.62414389e-17 -1.94987480e-14 -3.18750000e+02  7.62414389e-17]
 [-1.24511719e+00  7.62414389e-17  6.64062500e+00  1.24511719e+00 -7.62414389e-17  3.32031250e+00]
 [-3.11279297e-01 -1.94987480e-14  1.24511719e+00  3.11279297e-01  1.94987480e-14  1.24511719e+00]
 [-1.94987480e-14 -3.18750000e+02 -7.62414389e-17  1.94987480e-14  3.18750000e+02 -7.62414389e-17]
 [-1.24511719e+00  7.62414389e-17  3.32031250e+00  1.24511719e+00 -7.62414389e-17  6.64062500e+00]]

K_2 =
[[ 3.11279297e-01  1.94987480e-14 -1.24511719e+00 -3.11279297e-01 -1.94987480e-14 -1.24511719e+00]
 [ 1.94987480e-14  3.18750000e+02  7.62414389e-17 -1.94987480e-14 -3.18750000e+02  7.62414389e-17]
 [-1.24511719e+00  7.62414389e-17  6.64062500e+00  1.24511719e+00 -7.62414389e-17  3.32031250e+00]
 [-3.11279297e-01 -1.94987480e-14  1.24511719e+00  3.11279297e-01  1.94987480e-14  1.24511719e+00]
 [-1.94987480e-14 -3.18750000e+02 -7.62414389e-17  1.94987480e-14  3.18750000e+02 -7.62414389e-17]
 [-1.24511719e+00  7.62414389e-17  3.32031250e+00  1.24511719e+00 -7.62414389e-17  6.64062500e+00]]

K_3 =
[[ 3.11279297e-01  1.94987480e-14 -1.24511719e+00 -3.11279297e-01 -1.94987480e-14 -1.24511719e+00]
 [ 1.94987480e-14  3.18750000e+02  7.62414389e-17 -1.94987480e-14 -3.18750000e+02  7.62414389e-17]
 [-1.24511719e+00  7.62414389e-17  6.64062500e+00  1.24511719e+00 -7.62414389e-17  3.32031250e+00]
 [-3.11279297e-01 -1.94987480e-14  1.24511719e+00  3.11279297e-01  1.94987480e-14  1.24511719e+00]
 [-1.94987480e-14 -3.18750000e+02 -7.62414389e-17  1.94987480e-14  3.18750000e+02 -7.62414389e-17]
 [-1.24511719e+00  7.62414389e-17  3.32031250e+00  1.24511719e+00 -7.62414389e-17  6.64062500e+00]]

K_4 =
[[ 1.56923077e+02  0.00000000e+00  0.00000000e+00 -1.56923077e+02  0.00000000e+00  0.00000000e+00]
 [ 0.00000000e+00  3.71415567e-02  3.01775148e-01  0.00000000e+00 -3.71415567e-02  3.01775148e-01]
 [ 0.00000000e+00  3.01775148e-01  3.26923077e+00  0.00000000e+00 -3.01775148e-01  1.63461538e+00]
 [-1.56923077e+02  0.00000000e+00  0.00000000e+00  1.56923077e+02  0.00000000e+00  0.00000000e+00]
 [ 0.00000000e+00 -3.71415567e-02 -3.01775148e-01  0.00000000e+00  3.71415567e-02 -3.01775148e-01]
 [ 0.00000000e+00  3.01775148e-01  1.63461538e+00  0.00000000e+00 -3.01775148e-01  3.26923077e+00]]

K_5 =
[[ 1.56923077e+02  0.00000000e+00  0.00000000e+00 -1.56923077e+02  0.00000000e+00  0.00000000e+00]
 [ 0.00000000e+00  3.71415567e-02  3.01775148e-01  0.00000000e+00 -3.71415567e-02  3.01775148e-01]
 [ 0.00000000e+00  3.01775148e-01  3.26923077e+00  0.00000000e+00 -3.01775148e-01  1.63461538e+00]
 [-1.56923077e+02  0.00000000e+00  0.00000000e+00  1.56923077e+02  0.00000000e+00  0.00000000e+00]
 [ 0.00000000e+00 -3.71415567e-02 -3.01775148e-01  0.00000000e+00  3.71415567e-02 -3.01775148e-01]
 [ 0.00000000e+00  3.01775148e-01  1.63461538e+00  0.00000000e+00 -3.01775148e-01  3.26923077e+00]]

P =
[[0.  ]
 [0.  ]
 [0.1 ]
 [0.  ]
 [0.  ]
 [0.  ]
 [0.  ]
 [0.  ]
 [0.  ]
 [0.01]
 [0.  ]
 [0.  ]]

s =
[[ 1.57545636e+02  3.89974960e-14  0.00000000e+00 -3.11279297e-01 -1.94987480e-14 -1.24511719e+00 -1.56923077e+02  0.00000000e+00  0.00000000e+00  0.00000000e+00  0.00000000e+00  0.00000000e+00]
 [ 3.89974960e-14  6.37537142e+02  3.01775148e-01 -1.94987480e-14 -3.18750000e+02  7.62414389e-17  0.00000000e+00 -3.71415567e-02  3.01775148e-01  0.00000000e+00  0.00000000e+00  0.00000000e+00]
 [ 0.00000000e+00  3.01775148e-01  1.65504808e+01  1.24511719e+00 -7.62414389e-17  3.32031250e+00  0.00000000e+00 -3.01775148e-01  1.63461538e+00  0.00000000e+00  0.00000000e+00  0.00000000e+00]
 [-3.11279297e-01 -1.94987480e-14  1.24511719e+00  1.57234356e+02  1.94987480e-14  1.24511719e+00  0.00000000e+00  0.00000000e+00  0.00000000e+00 -1.56923077e+02  0.00000000e+00  0.00000000e+00]
 [-1.94987480e-14 -3.18750000e+02 -7.62414389e-17  1.94987480e-14  3.18787142e+02  3.01775148e-01  0.00000000e+00  0.00000000e+00  0.00000000e+00  0.00000000e+00 -3.71415567e-02  3.01775148e-01]
 [-1.24511719e+00  7.62414389e-17  3.32031250e+00  1.24511719e+00  3.01775148e-01  9.90985577e+00  0.00000000e+00  0.00000000e+00  0.00000000e+00  0.00000000e+00 -3.01775148e-01  1.63461538e+00]
 [-1.56923077e+02  0.00000000e+00  0.00000000e+00  0.00000000e+00  0.00000000e+00  0.00000000e+00  1.57545636e+02  3.89974960e-14  0.00000000e+00 -3.11279297e-01 -1.94987480e-14 -1.24511719e+00]
 [ 0.00000000e+00 -3.71415567e-02 -3.01775148e-01  0.00000000e+00  0.00000000e+00  0.00000000e+00  3.89974960e-14  6.37537142e+02 -3.01775148e-01 -1.94987480e-14 -3.18750000e+02  7.62414389e-17]
 [ 0.00000000e+00  3.01775148e-01  1.63461538e+00  0.00000000e+00  0.00000000e+00  0.00000000e+00  0.00000000e+00 -3.01775148e-01  1.65504808e+01  1.24511719e+00 -7.62414389e-17  3.32031250e+00]
 [ 0.00000000e+00  0.00000000e+00  0.00000000e+00 -1.56923077e+02  0.00000000e+00  0.00000000e+00 -3.11279297e-01 -1.94987480e-14  1.24511719e+00  1.57234356e+02  1.94987480e-14  1.24511719e+00]
 [ 0.00000000e+00  0.00000000e+00  0.00000000e+00  0.00000000e+00 -3.71415567e-02 -3.01775148e-01 -1.94987480e-14 -3.18750000e+02 -7.62414389e-17  1.94987480e-14  3.18787142e+02 -3.01775148e-01]
 [ 0.00000000e+00  0.00000000e+00  0.00000000e+00  0.00000000e+00  3.01775148e-01  1.63461538e+00 -1.24511719e+00  7.62414389e-17  3.32031250e+00  1.24511719e+00 -3.01775148e-01  9.90985577e+00]]

d =
[[ 1.35261797e-02]
 [ 4.26679801e-06]
 [ 4.31514338e-03]
 [ 3.85906195e-02]
 [ 9.73255580e-06]
 [-4.36250467e-03]
 [ 1.35379066e-02]
 [-4.26679801e-06]
 [-3.04979241e-03]
 [ 3.86399626e-02]
 [-9.73255580e-06]
 [-1.41309770e-03]]

u_0 =
[[ 0.00000000e+00]
 [ 0.00000000e+00]
 [ 0.00000000e+00]
 [ 4.26679801e-06]
 [-1.35261797e-02]
 [ 4.31514338e-03]]

u_1 =
[[ 4.26679801e-06]
 [-1.35261797e-02]
 [ 4.31514338e-03]
 [ 9.73255580e-06]
 [-3.85906195e-02]
 [-4.36250467e-03]]

u_2 =
[[ 0.00000000e+00]
 [ 0.00000000e+00]
 [ 0.00000000e+00]
 [-4.26679801e-06]
 [-1.35379066e-02]
 [-3.04979241e-03]]

u_3 =
[[-4.26679801e-06]
 [-1.35379066e-02]
 [-3.04979241e-03]
 [-9.73255580e-06]
 [-3.86399626e-02]
 [-1.41309770e-03]]

u_4 =
[[ 1.35261797e-02]
 [ 4.26679801e-06]
 [ 4.31514338e-03]
 [ 1.35379066e-02]
 [-4.26679801e-06]
 [-3.04979241e-03]]

u_5 =
[[ 3.85906195e-02]
 [ 9.73255580e-06]
 [-4.36250467e-03]
 [ 3.86399626e-02]
 [-9.73255580e-06]
 [-1.41309770e-03]]

Q_0 =
[[-0.00136004]
 [ 0.00958328]
 [ 0.0311693 ]
 [ 0.00136004]
 [-0.00958328]
 [ 0.04549693]]

Q_1 =
[[-0.00174221]
 [ 0.00774307]
 [ 0.04537853]
 [ 0.00174221]
 [-0.00774307]
 [ 0.01656603]]

Q_2 =
[[ 0.00136004]
 [ 0.00041672]
 [ 0.00673002]
 [-0.00136004]
 [-0.00041672]
 [-0.00339625]]

Q_3 =
[[ 0.00174221]
 [ 0.00225693]
 [ 0.00631055]
 [-0.00174221]
 [-0.00225693]
 [ 0.01174489]]

Q_4 =
[[-0.00184021]
 [ 0.00038217]
 [ 0.00912454]
 [ 0.00184021]
 [-0.00038217]
 [-0.0029143 ]]

Q_5 =
[[-0.00774307]
 [-0.00174221]
 [-0.01656603]
 [ 0.00774307]
 [ 0.00174221]
 [-0.01174489]]

F_0 =
[[-0.00958328]
 [-0.00136004]
 [ 0.0311693 ]
 [ 0.00958328]
 [ 0.00136004]
 [ 0.04549693]]

F_1 =
[[-0.00774307]
 [-0.00174221]
 [ 0.04537853]
 [ 0.00774307]
 [ 0.00174221]
 [ 0.01656603]]

F_2 =
[[-0.00041672]
 [ 0.00136004]
 [ 0.00673002]
 [ 0.00041672]
 [-0.00136004]
 [-0.00339625]]

F_3 =
[[-0.00225693]
 [ 0.00174221]
 [ 0.00631055]
 [ 0.00225693]
 [-0.00174221]
 [ 0.01174489]]

F_4 =
[[-0.00184021]
 [ 0.00038217]
 [ 0.00912454]
 [ 0.00184021]
 [-0.00038217]
 [-0.0029143 ]]

F_5 =
[[-0.00774307]
 [-0.00174221]
 [-0.01656603]
 [ 0.00774307]
 [ 0.00174221]
 [-0.01174489]]

sigma_a_0 = 0.0054401674658151695
epsilon_a_0 = 5.333497515505068e-07

sigma_a_1 = 0.006968841180832851
epsilon_a_1 = 6.832197236110638e-07

sigma_a_2 = -0.005440167465815169
epsilon_a_2 = -5.333497515505067e-07

sigma_a_3 = -0.006968841180832849
epsilon_a_3 = -6.832197236110636e-07

sigma_a_4 = 0.007360832334740053
epsilon_a_4 = 7.216502288960837e-07

sigma_a_5 = 0.030972283302883596
epsilon_a_5 = 3.0364983630278036e-06

Reaction forces at joint 0 =
[[-0.00958328]
 [-0.00136004]
 [ 0.0311693 ]]

Reaction forces at joint 3 =
[[-0.00041672]
 [ 0.00136004]
 [ 0.00673002]]