
"Optimization_Iteration_000":
{
    "alpha": [ 2.931026509232182e+00 ],
    "shapey": [ 0.000000000000000e+00, 0.000000000000000e+00, 0.000000000000000e+00, 0.000000000000000e+00, 0.000000000000000e+00, 0.000000000000000e+00, 0.000000000000000e+00, 0.000000000000000e+00, 0.000000000000000e+00, 0.000000000000000e+00, 0.000000000000000e+00, 0.000000000000000e+00, 0.000000000000000e+00, 0.000000000000000e+00, 0.000000000000000e+00, 0.000000000000000e+00, 0.000000000000000e+00, 0.000000000000000e+00, 0.000000000000000e+00, 0.000000000000000e+00 ]
},

"Optimization_Iteration_001":
{
    "alpha": [ 2.930582224194758e+00 ],
    "shapey": [ -3.597062493493613e-05, -3.597062493493613e-05, 3.597062493493613e-05, 3.597062493493613e-05, 1.710256360048582e-03, 1.710256360048582e-03, 3.151108661991555e-03, 3.151108661991555e-03, 9.181743588902704e-05, 9.181743588902704e-05, 5.540976520462841e-04, 5.540976520462841e-04, -1.265526526269677e-03, -1.265526526269677e-03, -5.366536976334756e-04, -5.366536976334756e-04, 7.153060443085465e-05, 7.153060443085465e-05, -7.153060443085465e-05, -7.153060443085465e-05 ]
},

"Optimization_Iteration_002":
{
    "alpha": [ 2.927621185936443e+00 ],
    "shapey": [ 6.251431292568267e-04, 6.251431292568267e-04, -6.251431292568267e-04, -6.251431292568267e-04, 1.372885924113255e-02, 1.372885924113255e-02, 1.654392664488654e-02, 1.654392664488654e-02, 3.053078178706631e-03, 3.053078178706631e-03, 2.129381513552497e-03, 2.129381513552497e-03, -6.344752349360165e-03, -6.344752349360165e-03, -4.952999992645454e-03, -4.952999992645454e-03, 2.797097510669539e-04, 2.797097510669539e-04, -2.797097510669539e-04, -2.797097510669539e-04 ]
},

"Optimization_Iteration_003":
{
    "alpha": [ 2.921282545748719e+00 ],
    "shapey": [ 6.282586405828477e-03, 6.282586405828477e-03, -6.282586405828477e-03, -6.282586405828477e-03, 3.151183201534515e-02, 3.151183201534515e-02, 4.217778715626098e-02, 4.217778715626098e-02, 9.080779391967270e-03, 9.080779391967270e-03, 3.919368428321596e-03, 3.919368428321596e-03, -1.563018675454627e-02, -1.563018675454627e-02, -1.147021119758538e-02, -1.147021119758538e-02, 1.927134139100100e-03, 1.927134139100100e-03, -1.927134139100100e-03, -1.927134139100100e-03 ]
},

"Optimization_Iteration_004":
{
    "alpha": [ 2.917949047563756e+00 ],
    "shapey": [ 1.382610802400613e-02, 1.382610802400613e-02, -1.382610802400613e-02, -1.382610802400613e-02, 3.339058164192688e-02, 3.339058164192688e-02, 5.005214508658549e-02, 5.005214508658549e-02, 1.069985652549025e-02, 1.069985652549025e-02, 4.345661029188450e-03, 4.345661029188450e-03, -1.806903796709789e-02, -1.806903796709789e-02, -1.273330669918576e-02, -1.273330669918576e-02, 7.324760150894482e-03, 7.324760150894482e-03, -7.324760150894482e-03, -7.324760150894482e-03 ]
},

"Optimization_Iteration_005":
{
    "alpha": [ 2.911913086120808e+00 ],
    "shapey": [ 1.598136505110509e-02, 1.598136505110509e-02, -1.598136505110509e-02, -1.598136505110509e-02, 3.256594544708894e-02, 3.256594544708894e-02, 5.221404919959451e-02, 5.221404919959451e-02, 1.117262798708830e-02, 1.117262798708830e-02, 5.116297581454814e-03, 5.116297581454814e-03, -2.077657883837569e-02, -2.077657883837569e-02, -1.167941856552516e-02, -1.167941856552516e-02, 1.898022088122658e-02, 1.898022088122658e-02, -1.898022088122658e-02, -1.898022088122658e-02 ]
},

"Optimization_Iteration_006":
{
    "alpha": [ 2.867392711553736e+00 ],
    "shapey": [ 1.580466460927702e-02, 1.580466460927702e-02, -1.580466460927702e-02, -1.580466460927702e-02, 3.308872934117579e-02, 3.308872934117579e-02, 5.078015058625389e-02, 5.078015058625389e-02, 2.420615559287911e-02, 2.420615559287911e-02, -2.701839760129587e-03, -2.701839760129587e-03, -3.659874999100970e-02, -3.659874999100970e-02, 4.390343977118060e-03, 4.390343977118060e-03, 2.302287464834630e-02, 2.302287464834630e-02, -2.302287464834630e-02, -2.302287464834630e-02 ]
},

"Optimization_Iteration_007":
{
    "alpha": [ 2.735548788831734e+00 ],
    "shapey": [ 1.680345401401117e-02, 1.680345401401117e-02, -1.680345401401117e-02, -1.680345401401117e-02, 8.108186591306896e-03, 8.108186591306896e-03, 4.898672776767453e-02, 4.898672776767453e-02, 4.377931814443931e-02, 4.377931814443931e-02, -1.537012117996518e-02, -1.537012117996518e-02, -3.568681638308677e-02, -3.568681638308677e-02, 1.227063698469725e-02, 1.227063698469725e-02, 2.423382473457641e-02, 2.423382473457641e-02, -2.423382473457641e-02, -2.423382473457641e-02 ]
},

"Optimization_Iteration_008":
{
    "alpha": [ 2.430046012654433e+00 ],
    "shapey": [ 1.582239060985535e-02, 1.582239060985535e-02, -1.582239060985535e-02, -1.582239060985535e-02, 2.277558365062217e-02, 2.277558365062217e-02, 3.932539029421840e-02, 3.932539029421840e-02, 3.475903690199759e-02, 3.475903690199759e-02, -5.838518900714278e-04, -5.838518900714278e-04, -3.597058930446627e-02, -3.597058930446627e-02, 1.839579146629943e-02, 1.839579146629943e-02, 2.536204616131356e-02, 2.536204616131356e-02, -2.536204616131356e-02, -2.536204616131356e-02 ]
},

"Optimization_Iteration_009":
{
    "alpha": [ 2.145465341425380e+00 ],
    "shapey": [ 1.608029343679037e-02, 1.608029343679037e-02, -1.608029343679037e-02, -1.608029343679037e-02, 3.143996213813759e-02, 3.143996213813759e-02, 5.446681476560915e-02, 5.446681476560915e-02, 1.145116310822820e-02, 1.145116310822820e-02, -4.023745585700980e-02, -4.023745585700980e-02, -2.978955235059509e-02, -2.978955235059509e-02, 3.657496893456298e-02, 3.657496893456298e-02, 2.693197284070283e-02, 2.693197284070283e-02, -2.693197284070283e-02, -2.693197284070283e-02 ]
},

"Optimization_Iteration_010":
{
    "alpha": [ 9.256698459696553e-01 ],
    "shapey": [ 1.666866834741842e-02, 1.666866834741842e-02, -1.666866834741842e-02, -1.666866834741842e-02, 1.488329281232337e-02, 1.488329281232337e-02, 5.188560473421274e-02, 5.188560473421274e-02, 6.983341156247996e-02, 6.983341156247996e-02, 9.625680600209088e-03, 9.625680600209088e-03, -2.377704428383062e-02, -2.377704428383062e-02, 3.178318962678197e-02, 3.178318962678197e-02, 2.542972150634889e-02, 2.542972150634889e-02, -2.542972150634889e-02, -2.542972150634889e-02 ]
},

"Optimization_Iteration_011":
{
    "alpha": [ 9.256688559696524e-03 ],
    "shapey": [ 1.491010286937864e-02, 1.491010286937864e-02, -1.491010286937864e-02, -1.491010286937864e-02, 8.499393201028459e-03, 8.499393201028459e-03, 1.132413505668012e-02, 1.132413505668012e-02, 3.218652325269376e-02, 3.218652325269376e-02, 2.383481734379021e-02, 2.383481734379021e-02, 8.563597872177899e-03, 8.563597872177899e-03, 4.793198709296854e-02, 4.793198709296854e-02, 2.179444326575138e-02, 2.179444326575138e-02, -2.179444326575138e-02, -2.179444326575138e-02 ]
},

"Optimization_Iteration_012":
{
    "alpha": [ 6.590403631241818e-01 ],
    "shapey": [ 1.568452155965154e-02, 1.568452155965154e-02, -1.568452155965154e-02, -1.568452155965154e-02, 1.038753105151739e-02, 1.038753105151739e-02, 3.473788063424218e-02, 3.473788063424218e-02, 3.175522688470467e-02, 3.175522688470467e-02, 1.074994201264694e-02, 1.074994201264694e-02, 3.905708547124280e-03, 3.905708547124280e-03, 3.164258710448066e-02, 3.164258710448066e-02, 1.939798688771422e-02, 1.939798688771422e-02, -1.939798688771422e-02, -1.939798688771422e-02 ]
},

"Optimization_Iteration_013":
{
    "alpha": [ 5.951689312182687e-01 ],
    "shapey": [ 1.609080526088004e-02, 1.609080526088004e-02, -1.609080526088004e-02, -1.609080526088004e-02, 9.364611460050253e-03, 9.364611460050253e-03, 3.585098228920625e-02, 3.585098228920625e-02, 3.284387673271262e-02, 3.284387673271262e-02, 7.282423158044002e-03, 7.282423158044002e-03, 6.911483830048634e-03, 6.911483830048634e-03, 3.123247458171693e-02, 3.123247458171693e-02, 2.056598282058225e-02, 2.056598282058225e-02, -2.056598282058225e-02, -2.056598282058225e-02 ]
},

"Optimization_Iteration_014":
{
    "alpha": [ 5.722320516084263e-01 ],
    "shapey": [ 1.622047552334347e-02, 1.622047552334347e-02, -1.622047552334347e-02, -1.622047552334347e-02, 9.828882718875968e-03, 9.828882718875968e-03, 3.547650991819382e-02, 3.547650991819382e-02, 2.920198588704158e-02, 2.920198588704158e-02, 1.021097171549742e-02, 1.021097171549742e-02, 1.082896638928228e-02, 1.082896638928228e-02, 2.816898563345249e-02, 2.816898563345249e-02, 2.036426768539290e-02, 2.036426768539290e-02, -2.036426768539290e-02, -2.036426768539290e-02 ]
},

"Optimization_Iteration_015":
{
    "alpha": [ 5.777449655951342e-01 ],
    "shapey": [ 1.625759533148885e-02, 1.625759533148885e-02, -1.625759533148885e-02, -1.625759533148885e-02, 9.255292527399796e-03, 9.255292527399796e-03, 3.559039069563781e-02, 3.559039069563781e-02, 2.999144045511475e-02, 2.999144045511475e-02, 1.032533166015163e-02, 1.032533166015163e-02, 1.076228178096686e-02, 1.076228178096686e-02, 2.788166151690017e-02, 2.788166151690017e-02, 2.035443209140867e-02, 2.035443209140867e-02, -2.035443209140867e-02, -2.035443209140867e-02 ]
},

"Optimization_Iteration_016":
{
    "alpha": [ 5.789054516932453e-01 ],
    "shapey": [ 1.625470181740554e-02, 1.625470181740554e-02, -1.625470181740554e-02, -1.625470181740554e-02, 9.300947834117760e-03, 9.300947834117760e-03, 3.555579767621415e-02, 3.555579767621415e-02, 2.989808287725622e-02, 2.989808287725622e-02, 1.022501698443222e-02, 1.022501698443222e-02, 1.070868227023699e-02, 1.070868227023699e-02, 2.796838082327683e-02, 2.796838082327683e-02, 2.037546749994336e-02, 2.037546749994336e-02, -2.037546749994336e-02, -2.037546749994336e-02 ]
},

"Optimization_Iteration_017":
{
    "alpha": [ 5.789421484155465e-01 ],
    "shapey": [ 1.625327474825862e-02, 1.625327474825862e-02, -1.625327474825862e-02, -1.625327474825862e-02, 9.346157619930330e-03, 9.346157619930330e-03, 3.556643412814944e-02, 3.556643412814944e-02, 2.992299461060721e-02, 2.992299461060721e-02, 1.025447662059466e-02, 1.025447662059466e-02, 1.066569710024149e-02, 1.066569710024149e-02, 2.797485867960420e-02, 2.797485867960420e-02, 2.038240524772884e-02, 2.038240524772884e-02, -2.038240524772884e-02, -2.038240524772884e-02 ]
},

"Optimization_Iteration_018":
{
    "alpha": [ 5.765403636559812e-01 ],
    "shapey": [ 1.625257409708235e-02, 1.625257409708235e-02, -1.625257409708235e-02, -1.625257409708235e-02, 9.331230044685312e-03, 9.331230044685312e-03, 3.553419887389881e-02, 3.553419887389881e-02, 2.996494970157035e-02, 2.996494970157035e-02, 1.032484098137757e-02, 1.032484098137757e-02, 1.069292368329594e-02, 1.069292368329594e-02, 2.799098859089086e-02, 2.799098859089086e-02, 2.038102913044110e-02, 2.038102913044110e-02, -2.038102913044110e-02, -2.038102913044110e-02 ]
},

"Optimization_Iteration_019":
{
    "alpha": [ 5.776399227405340e-01 ],
    "shapey": [ 1.625559511907801e-02, 1.625559511907800e-02, -1.625559511907800e-02, -1.625559511907800e-02, 9.273465114254075e-03, 9.273465114254075e-03, 3.554941901599486e-02, 3.554941901599486e-02, 2.997836282339780e-02, 2.997836282339780e-02, 1.033758724850057e-02, 1.033758724850057e-02, 1.073640560025706e-02, 1.073640560025706e-02, 2.791777863071945e-02, 2.791777863071945e-02, 2.036474873677632e-02, 2.036474873677632e-02, -2.036474873677632e-02, -2.036474873677632e-02 ]
},

"Optimization_Iteration_020":
{
    "alpha": [ 5.786518134663334e-01 ],
    "shapey": [ 1.625579921846637e-02, 1.625579921846637e-02, -1.625579921846637e-02, -1.625579921846637e-02, 9.288640987753571e-03, 9.288640987753571e-03, 3.557033467307888e-02, 3.557033467307888e-02, 2.997295892052073e-02, 2.997295892052073e-02, 1.027208429009111e-02, 1.027208429009111e-02, 1.069266038618308e-02, 1.069266038618308e-02, 2.794725825643501e-02, 2.794725825643501e-02, 2.037459909818179e-02, 2.037459909818179e-02, -2.037459909818179e-02, -2.037459909818179e-02 ]
},

"Optimization_Iteration_021":
{
    "alpha": [ 5.767545498411505e-01 ],
    "shapey": [ 1.625558895003931e-02, 1.625558895003931e-02, -1.625558895003931e-02, -1.625558895003931e-02, 9.421662747190382e-03, 9.421662747190382e-03, 3.569755139045681e-02, 3.569755139045681e-02, 2.988988865554155e-02, 2.988988865554155e-02, 1.024289473404206e-02, 1.024289473404206e-02, 1.073532251251160e-02, 1.073532251251160e-02, 2.792533412653371e-02, 2.792533412653371e-02, 2.036591608508160e-02, 2.036591608508160e-02, -2.036591608508160e-02, -2.036591608508160e-02 ]
},

"Optimization_Iteration_022":
{
    "alpha": [ 5.786280437785386e-01 ],
    "shapey": [ 1.625429317989557e-02, 1.625429317989557e-02, -1.625429317989557e-02, -1.625429317989557e-02, 9.329764659369964e-03, 9.329764659369964e-03, 3.557466590993397e-02, 3.557466590993397e-02, 2.999155060289070e-02, 2.999155060289070e-02, 1.032129439728380e-02, 1.032129439728380e-02, 1.066570419087964e-02, 1.066570419087964e-02, 2.793757119712992e-02, 2.793757119712992e-02, 2.037719283678045e-02, 2.037719283678045e-02, -2.037719283678045e-02, -2.037719283678045e-02 ]
},

"Optimization_Iteration_023":
{
    "alpha": [ 5.793827811993960e-01 ],
    "shapey": [ 1.625484318744462e-02, 1.625484318744468e-02, -1.625484318744466e-02, -1.625484318744461e-02, 9.304716941559181e-03, 9.304716941559181e-03, 3.556223448336246e-02, 3.556223448336247e-02, 2.985591214789242e-02, 2.985591214789242e-02, 1.023537758513228e-02, 1.023537758513228e-02, 1.074404398329776e-02, 1.074404398329776e-02, 2.792734836347449e-02, 2.792734836347449e-02, 2.036514043031752e-02, 2.036514043031752e-02, -2.036514043031752e-02, -2.036514043031751e-02 ]
},

"Optimization_Iteration_024":
{
    "alpha": [ 5.798247005241898e-01 ],
    "shapey": [ 1.625218003213807e-02, 1.625218003213807e-02, -1.625218003213807e-02, -1.625218003213807e-02, 9.358069007166396e-03, 9.358069007166396e-03, 3.555104848657789e-02, 3.555104848657789e-02, 2.993547217500941e-02, 2.993547217500941e-02, 1.033027761603322e-02, 1.033027761603322e-02, 1.065886421405648e-02, 1.065886421405648e-02, 2.792511315339332e-02, 2.792511315339332e-02, 2.037680235833136e-02, 2.037680235833136e-02, -2.037680235833136e-02, -2.037680235833136e-02 ]
},

"Optimization_Iteration_025":
{
    "alpha": [ 5.787497219537702e-01 ],
    "shapey": [ 1.625424923670022e-02, 1.625424923670022e-02, -1.625424923670022e-02, -1.625424923670022e-02, 9.321399308619737e-03, 9.321399308619737e-03, 3.556513016936661e-02, 3.556513016936661e-02, 2.993216800817554e-02, 2.993216800817554e-02, 1.026999615894660e-02, 1.026999615894660e-02, 1.069099465526222e-02, 1.069099465526222e-02, 2.795365346014506e-02, 2.795365346014506e-02, 2.037595731287497e-02, 2.037595731287497e-02, -2.037595731287497e-02, -2.037595731287497e-02 ]
},
