
"Optimization_Iteration_000":
{
    "CD": 
    {
        "alpha": [ 1.223633522889537e-03 ],
        "shapey": [ 1.164900765461453e-02, 1.149973182833957e-02, 2.148254369490387e-02, 2.130005421305738e-02, -3.308842374389468e-03, -3.326667064623440e-03, -4.958680775751568e-03, -4.988782901253952e-03, 1.609554217555393e-03, 1.617135125263614e-03, 3.634602944557867e-03, 3.638626824485520e-03, 1.151622251269545e-02, 1.152704261912977e-02, 1.372728021075292e-02, 1.373942215671706e-02, -2.855502647736902e-02, -2.853824022697329e-02, -2.664883063759292e-02, -2.662944444487853e-02 ]
    },
    "CL": 
    {
        "alpha": [ 9.982953986826039e-02 ],
        "shapey": [ 1.994229205646049e-01, 1.981248597706854e-01, 2.739753348986281e-01, 2.723994285894873e-01, 5.056288344880540e-01, 5.049329475884007e-01, 6.077154660090436e-01, 6.066176718049821e-01, 6.269471516008098e-01, 6.268898497149216e-01, 6.437704964180115e-01, 6.437691248292284e-01, 1.781031447104870e+00, 1.781309852766741e+00, 1.727607227555993e+00, 1.727920274904187e+00, -3.103863511751716e+00, -3.102857207358392e+00, -3.261335242670487e+00, -3.260292817475802e+00 ]
    }
},

"Optimization_Iteration_001":
{
    "CD": 
    {
        "alpha": [ 1.188232381086438e-03 ],
        "shapey": [ -1.419913827822573e-02, 3.156355962017318e-02, -1.856405176733055e-02, 6.091052407682881e-02, 1.014290062165857e-02, -1.581252491619589e-02, -9.433690657619318e-04, -5.746425992041147e-03, 2.541617804486847e-02, -2.207729294167518e-02, 3.787967172354854e-02, -3.022367953836941e-02, 4.109062147203313e-02, -1.862335642189459e-02, 5.606692617993377e-02, -2.916077511083921e-02, -1.221987854944581e-02, -4.357825233132410e-02, -8.410100683836259e-03, -4.351243907047869e-02 ]
    },
    "CL": 
    {
        "alpha": [ 1.001853749914228e-01 ],
        "shapey": [ 7.134964251839727e-01, -2.702786231906498e-01, 7.783175095166459e-01, -2.323841129291840e-01, 1.196383455995775e+00, -1.973792153150500e-01, 1.329063802680889e+00, -1.298375503684964e-01, 1.044935464206847e+00, 2.100049742518556e-01, 1.078130841046595e+00, 2.170605992806274e-01, 1.715365000106592e+00, 1.857655217465317e+00, 1.658617074720400e+00, 1.807732536151043e+00, -3.830131288025723e+00, -2.400903407800865e+00, -3.993021683613704e+00, -2.552845775204322e+00 ]
    }
},

"Optimization_Iteration_002":
{
    "CD": 
    {
        "alpha": [ 1.032399484226967e-03 ],
        "shapey": [ -2.246774462444337e-02, 3.124085832903141e-02, -2.511511926921083e-02, 6.183606165439962e-02, 1.224703501180471e-02, -1.533228147436128e-02, 3.264650878116993e-03, -4.102485960860691e-03, 3.117180967443933e-02, -2.789048924433654e-02, 4.429740744212868e-02, -3.610997191022448e-02, 4.384431785691856e-02, -2.415943992998795e-02, 5.886390359886481e-02, -3.464549894990946e-02, -1.123036322592016e-02, -3.933538530133685e-02, -7.319663655330480e-03, -3.905879144990752e-02 ]
    },
    "CL": 
    {
        "alpha": [ 1.017170101491449e-01 ],
        "shapey": [ 7.486318512047084e-01, -2.472149343425034e-01, 8.136277976246084e-01, -2.135888953699415e-01, 1.172238770021065e+00, -2.134723698593769e-01, 1.328313204177527e+00, -1.394251762051053e-01, 1.034640084280326e+00, 2.058007889275232e-01, 1.086054052578846e+00, 2.233951472079245e-01, 1.721974513542988e+00, 1.874577264089045e+00, 1.665952281373046e+00, 1.828085997631898e+00, -3.868595571571385e+00, -2.424377918772660e+00, -4.026928990808909e+00, -2.569707399040031e+00 ]
    }
},

"Optimization_Iteration_003":
{
    "CD": 
    {
        "alpha": [ 8.471293835297560e-04 ],
        "shapey": [ -3.393110112956753e-02, 3.280964615562740e-02, -3.532229735594702e-02, 6.336505187233457e-02, 1.533260961395881e-02, -1.517219101123206e-02, 9.829005463012670e-03, -1.485417565629615e-03, 4.069692352985162e-02, -3.759335887909804e-02, 5.495574044052710e-02, -4.588320527483228e-02, 4.853356463396308e-02, -3.282607681946631e-02, 6.365764168512467e-02, -4.336085246101794e-02, -1.109328274731054e-02, -3.293418557644959e-02, -7.139376448964863e-03, -3.243884237004412e-02 ]
    },
    "CL": 
    {
        "alpha": [ 1.034815853822192e-01 ],
        "shapey": [ 7.774872725525189e-01, -2.285497674488791e-01, 8.572158568918190e-01, -1.843681445832154e-01, 1.141523101868012e+00, -2.368076827190698e-01, 1.342495497256625e+00, -1.485446891936755e-01, 1.020988464389618e+00, 1.987422650473796e-01, 1.104780034711452e+00, 2.357386766495047e-01, 1.724891822710511e+00, 1.887240446176400e+00, 1.666975383520484e+00, 1.843971714046486e+00, -3.904105758733484e+00, -2.446914810449202e+00, -4.063249577543804e+00, -2.589510152453206e+00 ]
    }
},

"Optimization_Iteration_004":
{
    "CD": 
    {
        "alpha": [ 8.291054367321341e-04 ],
        "shapey": [ -3.583991772412468e-02, 3.422159743686706e-02, -3.779024145107002e-02, 6.365385424541110e-02, 1.577590330453228e-02, -1.572017496364314e-02, 1.116448988409519e-02, -2.820208963120151e-04, 4.281381380839429e-02, -3.991421335482462e-02, 5.753417097325982e-02, -4.785514212075447e-02, 4.965261286472653e-02, -3.461324674731024e-02, 6.501090551346916e-02, -4.528383052466770e-02, -1.157469330629184e-02, -3.196456120553548e-02, -7.621515290503606e-03, -3.142308540853488e-02 ]
    },
    "CL": 
    {
        "alpha": [ 1.042098319677306e-01 ],
        "shapey": [ 7.835045150646147e-01, -2.252529974824966e-01, 8.691236524835178e-01, -1.763425017359727e-01, 1.137949127136538e+00, -2.430453031656931e-01, 1.351264511779537e+00, -1.503165783627947e-01, 1.023469679069898e+00, 1.984002012785220e-01, 1.116961387577810e+00, 2.409997439756061e-01, 1.726654065093831e+00, 1.891091823229629e+00, 1.669200586616975e+00, 1.848825506390209e+00, -3.922547338887190e+00, -2.456667670738722e+00, -4.083528016686797e+00, -2.600375837056685e+00 ]
    }
},

"Optimization_Iteration_005":
{
    "CD": 
    {
        "alpha": [ 8.353079632543352e-04 ],
        "shapey": [ -3.597930063457753e-02, 3.450569356701115e-02, -3.830213809936516e-02, 6.376344399978262e-02, 1.592960852966147e-02, -1.603677433522943e-02, 1.145521242751352e-02, 9.013708230943759e-05, 4.319212234404094e-02, -4.039523762800729e-02, 5.837996578802646e-02, -4.831042045825384e-02, 4.961159942786443e-02, -3.489618082195811e-02, 6.545774985617042e-02, -4.572614489800818e-02, -1.189512270428142e-02, -3.167910407311654e-02, -8.012072461941943e-03, -3.117972926683724e-02 ]
    },
    "CL": 
    {
        "alpha": [ 1.053939789137027e-01 ],
        "shapey": [ 7.958387093625423e-01, -2.229906341562383e-01, 8.845378849549950e-01, -1.708911689261421e-01, 1.145479925758040e+00, -2.503989378198966e-01, 1.364071515745055e+00, -1.560725862445673e-01, 1.033289917392338e+00, 2.000648023388696e-01, 1.132356648943471e+00, 2.462395458966605e-01, 1.724849163980416e+00, 1.893532393827522e+00, 1.669015983175037e+00, 1.852643678666974e+00, -3.950131157703760e+00, -2.465915891090995e+00, -4.113804800276756e+00, -2.612106696791957e+00 ]
    }
},

"Optimization_Iteration_006":
{
    "CD": 
    {
        "alpha": [ 8.255179894661397e-04 ],
        "shapey": [ -3.656721453381137e-02, 3.447085886259427e-02, -3.799110324432328e-02, 6.363192245180800e-02, 1.494982844321362e-02, -1.471468179531994e-02, 9.531502324479805e-03, 1.324690928305894e-03, 4.338058886105152e-02, -4.027596898284817e-02, 5.688021417673196e-02, -4.710185075489118e-02, 5.031356015557699e-02, -3.609732161449122e-02, 6.602706279870788e-02, -4.577704914276783e-02, -1.113823875979239e-02, -3.194744894730642e-02, -7.195185627350800e-03, -3.170663413629585e-02 ]
    },
    "CL": 
    {
        "alpha": [ 1.051467960209645e-01 ],
        "shapey": [ 7.939189462306321e-01, -2.220229436454782e-01, 8.795785954816454e-01, -1.717093039576761e-01, 1.134972697768824e+00, -2.512692030754249e-01, 1.350647877069365e+00, -1.585892369257117e-01, 1.031398029503851e+00, 2.003322139848978e-01, 1.133012171221950e+00, 2.474548243428535e-01, 1.732940098081150e+00, 1.891175342098432e+00, 1.681872564647606e+00, 1.853307787810790e+00, -3.942476986655362e+00, -2.465818773831377e+00, -4.106463508882300e+00, -2.612301604233654e+00 ]
    }
},

"Optimization_Iteration_007":
{
    "CD": 
    {
        "alpha": [ 9.141558566169057e-04 ],
        "shapey": [ -3.002148136135136e-02, 3.333585997030641e-02, -3.382412417958924e-02, 6.216836790513193e-02, 9.703768777749040e-03, -1.240180175761522e-02, 5.101554198312656e-03, 3.247767503985768e-03, 3.613034994132401e-02, -3.269009819515530e-02, 5.006771034959939e-02, -4.074397088335773e-02, 4.803150384570213e-02, -3.163927006049862e-02, 6.378111173319383e-02, -4.140505641753232e-02, -1.024513484931029e-02, -3.633858681949739e-02, -6.281181893602934e-03, -3.599037905833996e-02 ]
    },
    "CL": 
    {
        "alpha": [ 1.049747476790163e-01 ],
        "shapey": [ 7.999482445896319e-01, -2.214278727373301e-01, 8.711103219316829e-01, -1.810418869832525e-01, 1.158817257774164e+00, -2.397923201856372e-01, 1.340989914116898e+00, -1.635749188652342e-01, 1.029387114638335e+00, 1.985658011689037e-01, 1.119961321589858e+00, 2.393241618213438e-01, 1.730747490520728e+00, 1.893694618327387e+00, 1.690658288754790e+00, 1.862606082721711e+00, -3.948531252875359e+00, -2.468429232528120e+00, -4.104571933868405e+00, -2.608706027830780e+00 ]
    }
},

"Optimization_Iteration_008":
{
    "CD": 
    {
        "alpha": [ 8.357010804336817e-04 ],
        "shapey": [ -3.276969189949425e-02, 3.190081346904543e-02, -3.472145924307900e-02, 6.139080656825496e-02, 7.412265538963403e-03, -8.211507825776850e-03, -6.229913532690701e-04, 8.658837375852390e-03, 3.447806577367326e-02, -3.096862677592424e-02, 4.671663347433472e-02, -3.680355529703993e-02, 4.802721182086178e-02, -3.243762397436306e-02, 6.406410052001392e-02, -4.175233141098406e-02, -7.052169676210942e-03, -3.727746273622583e-02, -2.875689875699710e-03, -3.716887377311430e-02 ]
    },
    "CL": 
    {
        "alpha": [ 1.047406708200036e-01 ],
        "shapey": [ 7.979313530254308e-01, -2.185525272701620e-01, 8.578128046311733e-01, -1.837346165179953e-01, 1.149479380940184e+00, -2.407165026439701e-01, 1.325276232575571e+00, -1.662920528940683e-01, 1.037634141981279e+00, 2.019570866727822e-01, 1.130209430817191e+00, 2.419673926500702e-01, 1.739015901098207e+00, 1.889864740544472e+00, 1.705158064005041e+00, 1.861177776338144e+00, -3.950757794989857e+00, -2.474002474476181e+00, -4.097671396565436e+00, -2.606020365220233e+00 ]
    }
},

"Optimization_Iteration_009":
{
    "CD": 
    {
        "alpha": [ 7.461583762033309e-04 ],
        "shapey": [ -3.435448104891667e-02, 2.912447897223568e-02, -3.509521752982723e-02, 5.887082157434034e-02, 1.200416876741807e-02, -1.096407520307538e-02, 5.180782630007090e-03, 5.958735690890123e-03, 3.158271503113576e-02, -2.882933578206602e-02, 4.292047170510023e-02, -3.492152071363935e-02, 4.077261741874265e-02, -2.506903689815755e-02, 5.639859397078299e-02, -3.401621218963126e-02, -4.948426847747818e-03, -3.729845917723768e-02, -3.993343418907625e-04, -3.691884582399409e-02 ]
    },
    "CL": 
    {
        "alpha": [ 1.048590449722424e-01 ],
        "shapey": [ 8.036619400402651e-01, -2.128007898125575e-01, 8.613173796338147e-01, -1.756435094920382e-01, 1.157741846912180e+00, -2.414270430926284e-01, 1.306331129052900e+00, -1.797440426136022e-01, 1.062738893807124e+00, 2.201791807472538e-01, 1.099750809013456e+00, 2.223798962386707e-01, 1.762821504584067e+00, 1.909974763340675e+00, 1.702284015513868e+00, 1.859769460337759e+00, -3.981823647448078e+00, -2.501938071397046e+00, -4.083974823948282e+00, -2.591629091648747e+00 ]
    }
},

"Optimization_Iteration_010":
{
    "CD": 
    {
        "alpha": [ 4.900608314667518e-04 ],
        "shapey": [ -3.904654150045562e-02, 2.388989582204945e-02, -4.161777521508436e-02, 5.515807443698637e-02, -1.091831891436115e-02, 1.421616179129334e-02, -1.922837849846898e-02, 3.362757336838051e-02, 1.926486923392587e-02, -1.463742306998693e-02, 3.170350287082940e-02, -2.072226250509068e-02, 4.634576471743058e-02, -3.300829510147721e-02, 6.271044327188238e-02, -4.256787064658372e-02, 8.091518308293098e-03, -4.330530355587910e-02, 1.279099601505549e-02, -4.274663757642197e-02 ]
    },
    "CL": 
    {
        "alpha": [ 1.054487086145214e-01 ],
        "shapey": [ 8.373763257931253e-01, -2.013978557394589e-01, 8.461689348567524e-01, -1.768967517257184e-01, 1.182338173748417e+00, -2.426541561242510e-01, 1.310507058665156e+00, -1.959478000056111e-01, 1.024175769401883e+00, 1.938873683845578e-01, 1.133339658244607e+00, 2.371130324969410e-01, 1.728231963087491e+00, 1.893767316447313e+00, 1.734798020058062e+00, 1.886990483127734e+00, -3.992066054174421e+00, -2.507114202097124e+00, -4.094394304387531e+00, -2.598223087607590e+00 ]
    }
},

"Optimization_Iteration_011":
{
    "CD": 
    {
        "alpha": [ 5.720229734288039e-04 ],
        "shapey": [ -2.720693313285113e-02, 1.659962949850300e-02, -2.923190175343452e-02, 4.827684292544925e-02, -2.203565921815037e-02, 2.265135262015907e-02, -3.700928148604246e-02, 4.361916061594359e-02, -3.331534464502729e-03, 7.780878137162465e-03, 5.839158078463998e-03, 5.000471911408622e-03, 3.446302471928224e-02, -1.652873901074170e-02, 5.095173401920420e-02, -2.536118625772204e-02, 1.546985017434913e-02, -5.553320024699950e-02, 2.065354393682098e-02, -5.509460745556834e-02 ]
    },
    "CL": 
    {
        "alpha": [ 1.047515293382136e-01 ],
        "shapey": [ 8.521190786739997e-01, -1.856051154321778e-01, 8.001633236674416e-01, -2.015518077937359e-01, 1.230597762242804e+00, -2.127590323834990e-01, 1.249983431661043e+00, -2.122073007867982e-01, 1.066177718346610e+00, 2.175573305912023e-01, 1.108712288592715e+00, 2.158613603532114e-01, 1.714251684365801e+00, 1.864096417260233e+00, 1.734764914704727e+00, 1.858249519369492e+00, -3.986012260084699e+00, -2.522309554454623e+00, -4.029952126607926e+00, -2.562739414615602e+00 ]
    }
},

"Optimization_Iteration_012":
{
    "CD": 
    {
        "alpha": [ 5.915841509201557e-04 ],
        "shapey": [ -3.109164917002519e-02, 2.089828738989779e-02, -3.449201743750070e-02, 5.262880858486846e-02, -1.265601598436365e-02, 1.356136683117301e-02, -2.352443822512890e-02, 3.381478958953206e-02, 8.591091319697366e-03, -4.579749782523441e-03, 2.068970821121156e-02, -1.030040384337562e-02, 3.840939741399301e-02, -2.171364791069710e-02, 5.505541334004042e-02, -3.201320347449470e-02, 9.729108300893418e-03, -4.921468534871373e-02, 1.472356269157525e-02, -4.851572509321634e-02 ]
    },
    "CL": 
    {
        "alpha": [ 1.050993876322836e-01 ],
        "shapey": [ 8.408794548261351e-01, -1.968108584176101e-01, 8.264330163957064e-01, -1.912727893672192e-01, 1.215425023221339e+00, -2.267409578944187e-01, 1.285158825024504e+00, -2.044526502897477e-01, 1.054766995233030e+00, 2.106538731586285e-01, 1.111087192038714e+00, 2.194833753897854e-01, 1.724999493768634e+00, 1.890899950670419e+00, 1.727624341530842e+00, 1.877661848256515e+00, -4.002363706724031e+00, -2.517623903935987e+00, -4.068937747862344e+00, -2.576870822841308e+00 ]
    }
},

"Optimization_Iteration_013":
{
    "CD": 
    {
        "alpha": [ 5.824558953460655e-04 ],
        "shapey": [ -3.098676240659670e-02, 2.051266727155772e-02, -3.436076445420383e-02, 5.218857677044954e-02, -1.331280222721424e-02, 1.419758466281771e-02, -2.363157202048496e-02, 3.416477780383646e-02, 7.530576610479517e-03, -3.514605103400585e-03, 1.977514603723287e-02, -9.515558170965922e-03, 3.774662494733784e-02, -2.093555451705068e-02, 5.425722046157870e-02, -3.118279525414133e-02, 1.019151316225947e-02, -4.956653797968583e-02, 1.519115352556335e-02, -4.875210187892540e-02 ]
    },
    "CL": 
    {
        "alpha": [ 1.052976575798030e-01 ],
        "shapey": [ 8.463091511042291e-01, -1.945617970212876e-01, 8.298485179665088e-01, -1.897853649205811e-01, 1.219073823427262e+00, -2.265096225783003e-01, 1.284463875874811e+00, -2.062917558483549e-01, 1.054552562636186e+00, 2.111040131701478e-01, 1.108140107251966e+00, 2.180900558680432e-01, 1.723071029842666e+00, 1.892105623094252e+00, 1.727187248375580e+00, 1.880040903282653e+00, -4.008900080041775e+00, -2.522492381981869e+00, -4.069561241834911e+00, -2.575943489063802e+00 ]
    }
},

"Optimization_Iteration_014":
{
    "CD": 
    {
        "alpha": [ 5.791787394166534e-04 ],
        "shapey": [ -3.091333155463300e-02, 2.035008076505528e-02, -3.446497305394022e-02, 5.208284548931944e-02, -1.343767508532313e-02, 1.433266031443658e-02, -2.382704682152901e-02, 3.445824363785570e-02, 7.104303006468650e-03, -3.165035777166776e-03, 1.964323577735871e-02, -9.303503958086021e-03, 3.746576848589597e-02, -2.063489223469125e-02, 5.408942018921806e-02, -3.113006392998739e-02, 1.038623255527146e-02, -4.964387666181427e-02, 1.538987935172997e-02, -4.878227190550239e-02 ]
    },
    "CL": 
    {
        "alpha": [ 1.053926846769600e-01 ],
        "shapey": [ 8.471460554808691e-01, -1.946244893432465e-01, 8.301244222465399e-01, -1.900674891959882e-01, 1.222178586746722e+00, -2.259553065512296e-01, 1.286530332939118e+00, -2.067203362806362e-01, 1.056266167841226e+00, 2.117686008802726e-01, 1.109148698261531e+00, 2.178205338445235e-01, 1.720308805385694e+00, 1.891274471655974e+00, 1.725463686227323e+00, 1.880007233927415e+00, -4.011936357296543e+00, -2.523675304040753e+00, -4.070260275377822e+00, -2.574798062160169e+00 ]
    }
},

"Optimization_Iteration_015":
{
    "CD": 
    {
        "alpha": [ 5.812873338912382e-04 ],
        "shapey": [ -3.081346973474964e-02, 2.042565679445304e-02, -3.441931056893480e-02, 5.215834430575646e-02, -1.353980534539248e-02, 1.437173400275622e-02, -2.384248694444238e-02, 3.448595292815790e-02, 7.117550240841363e-03, -3.155611820077054e-03, 1.971736835139005e-02, -9.351815454157733e-03, 3.756194049496357e-02, -2.071099862959854e-02, 5.418833385498954e-02, -3.122413928178292e-02, 1.028870500765220e-02, -4.970589380730116e-02, 1.528488506017346e-02, -4.884005671011657e-02 ]
    },
    "CL": 
    {
        "alpha": [ 1.054062904066333e-01 ],
        "shapey": [ 8.480111492389593e-01, -1.939709365568269e-01, 8.309443460594731e-01, -1.894842595273048e-01, 1.222519838285025e+00, -2.258798236285363e-01, 1.287174374150784e+00, -2.064828587579331e-01, 1.055757808201467e+00, 2.114448586073447e-01, 1.109414098729308e+00, 2.180765897791611e-01, 1.719999126564813e+00, 1.891357035395131e+00, 1.725598865248784e+00, 1.880487324214505e+00, -4.012870027858378e+00, -2.524369486133984e+00, -4.071762578756867e+00, -2.576021053249916e+00 ]
    }
},

"Optimization_Iteration_016":
{
    "CD": 
    {
        "alpha": [ 5.816657022396782e-04 ],
        "shapey": [ -3.084094441280957e-02, 2.039146602955218e-02, -3.443417034244981e-02, 5.212508711699871e-02, -1.351529633634078e-02, 1.433099431099874e-02, -2.382989341510381e-02, 3.444005494388425e-02, 7.121009612489513e-03, -3.171470135003740e-03, 1.970800037382308e-02, -9.359352147674175e-03, 3.754327017557817e-02, -2.069483370639856e-02, 5.416830850845997e-02, -3.120101903051361e-02, 1.031931234456983e-02, -4.966347750341878e-02, 1.531708391968670e-02, -4.879779829376662e-02 ]
    },
    "CL": 
    {
        "alpha": [ 1.054035911613373e-01 ],
        "shapey": [ 8.472640748625190e-01, -1.946497428668224e-01, 8.303142826626880e-01, -1.901046075586794e-01, 1.222310497904123e+00, -2.260104747237635e-01, 1.286898886492325e+00, -2.066569545744698e-01, 1.055789298143639e+00, 2.114293156996377e-01, 1.109261744322257e+00, 2.179425650775948e-01, 1.720062706591717e+00, 1.891295157332198e+00, 1.725553008491008e+00, 1.880351192638350e+00, -4.012050263748579e+00, -2.523653472643939e+00, -4.070882188540597e+00, -2.575245175027874e+00 ]
    }
},

"Optimization_Iteration_017":
{
    "CD": 
    {
        "alpha": [ 5.813391893446816e-04 ],
        "shapey": [ -3.072884809437640e-02, 2.052285955638717e-02, -3.430105721724163e-02, 5.227323407742211e-02, -1.350005033622497e-02, 1.434132226282617e-02, -2.381340421793497e-02, 3.445475752727170e-02, 7.142173959257885e-03, -3.189927035743553e-03, 1.972610814335553e-02, -9.374217163361341e-03, 3.754659914895878e-02, -2.072786670922627e-02, 5.416926705778628e-02, -3.123472836250993e-02, 1.018391426920170e-02, -4.979016107099551e-02, 1.518162593201314e-02, -4.892524416678788e-02 ]
    },
    "CL": 
    {
        "alpha": [ 1.054034684216965e-01 ],
        "shapey": [ 8.495986590806385e-01, -1.923588635082883e-01, 8.329737321535760e-01, -1.874830143493772e-01, 1.222417137384530e+00, -2.259474970532644e-01, 1.287178358597746e+00, -2.064755077025741e-01, 1.055813980592126e+00, 2.113878376093387e-01, 1.109362510546095e+00, 2.179466356864277e-01, 1.719922411766383e+00, 1.891073250349114e+00, 1.725371610467827e+00, 1.880090070483233e+00, -4.014487862017375e+00, -2.526083315014555e+00, -4.073363963565979e+00, -2.577715730899554e+00 ]
    }
},

"Optimization_Iteration_018":
{
    "CD": 
    {
        "alpha": [ 5.810230714920475e-04 ],
        "shapey": [ -3.085955207847236e-02, 2.038178466258604e-02, -3.444913482117506e-02, 5.211655472662897e-02, -1.354764498195592e-02, 1.437544546870038e-02, -2.387224152198404e-02, 3.448885074720127e-02, 7.106218292774342e-03, -3.153951358510856e-03, 1.968777211647837e-02, -9.333806264984116e-03, 3.755508310126152e-02, -2.071031624935739e-02, 5.418071833224841e-02, -3.121402352222018e-02, 1.035152859723190e-02, -4.966011201501742e-02, 1.534943759770293e-02, -4.879573394010516e-02 ]
    },
    "CL": 
    {
        "alpha": [ 1.054040532700608e-01 ],
        "shapey": [ 8.473179077740415e-01, -1.946235576649341e-01, 8.302806560003090e-01, -1.900937290878343e-01, 1.222288222413904e+00, -2.260358621767116e-01, 1.286867069196585e+00, -2.066873857571867e-01, 1.055736876673777e+00, 2.113996188805238e-01, 1.109328726882230e+00, 2.179805711226507e-01, 1.720062426032230e+00, 1.891304029823847e+00, 1.725644357182370e+00, 1.880413845041682e+00, -4.011920292780127e+00, -2.523488758224955e+00, -4.070748645043976e+00, -2.575081858202210e+00 ]
    }
},

"Optimization_Iteration_019":
{
    "CD": 
    {
        "alpha": [ 5.813773737616502e-04 ],
        "shapey": [ -3.084733663915859e-02, 2.038769690222605e-02, -3.444470822802708e-02, 5.212322594662872e-02, -1.354779203793337e-02, 1.436617591257575e-02, -2.386190638119687e-02, 3.447864830290569e-02, 7.109941512788759e-03, -3.155313103944111e-03, 1.970232986244144e-02, -9.345048852898495e-03, 3.756190049103752e-02, -2.070611814844342e-02, 5.418877660362591e-02, -3.121540383723591e-02, 1.033471074050997e-02, -4.966517858255272e-02, 1.533199371983115e-02, -4.879971639634163e-02 ]
    },
    "CL": 
    {
        "alpha": [ 1.054049652451161e-01 ],
        "shapey": [ 8.473216598657195e-01, -1.946322306060707e-01, 8.303127827576806e-01, -1.900964518149487e-01, 1.222368158418357e+00, -2.259956526489791e-01, 1.286953016308493e+00, -2.066530123146462e-01, 1.055718599483757e+00, 2.113945787229592e-01, 1.109345924214520e+00, 2.180060291274137e-01, 1.720058609043219e+00, 1.891368619440446e+00, 1.725671975262733e+00, 1.880508718904727e+00, -4.012032576172945e+00, -2.523563919270334e+00, -4.070907520419178e+00, -2.575203046820692e+00 ]
    }
},

"Optimization_Iteration_020":
{
    "CD": 
    {
        "alpha": [ 5.814623069008941e-04 ],
        "shapey": [ -3.085053234122318e-02, 2.039232867239471e-02, -3.444552469082950e-02, 5.212693366919236e-02, -1.352780595702764e-02, 1.434572393900693e-02, -2.383932761005322e-02, 3.445538467936823e-02, 7.125737271567957e-03, -3.174734561426699e-03, 1.971546904160566e-02, -9.363982586962130e-03, 3.755831059680797e-02, -2.071090977944070e-02, 5.418377694931106e-02, -3.121757162809889e-02, 1.033200741639381e-02, -4.964992798834242e-02, 1.532846625678228e-02, -4.878382280090219e-02 ]
    },
    "CL": 
    {
        "alpha": [ 1.054044246430878e-01 ],
        "shapey": [ 8.472853306229010e-01, -1.946482719374065e-01, 8.303281393950722e-01, -1.900915665539706e-01, 1.222295525145890e+00, -2.260314708692692e-01, 1.286942404205617e+00, -2.066572123010827e-01, 1.055712732129921e+00, 2.113851222993275e-01, 1.109303439917565e+00, 2.179745584126055e-01, 1.720052696408617e+00, 1.891341500535791e+00, 1.725592902050451e+00, 1.880438018468569e+00, -4.011901319657062e+00, -2.523444788854116e+00, -4.070801044630035e+00, -2.575076720718873e+00 ]
    }
},

"Optimization_Iteration_021":
{
    "CD": 
    {
        "alpha": [ 5.800630157524788e-04 ],
        "shapey": [ -3.089804853420114e-02, 2.039324450409522e-02, -3.448772292760496e-02, 5.212948082200358e-02, -1.350390892206790e-02, 1.435528114600749e-02, -2.380865449442107e-02, 3.446682570965221e-02, 7.151313671471950e-03, -3.202875239928205e-03, 1.974516534487698e-02, -9.396281890746764e-03, 3.755991745627626e-02, -2.073434498171644e-02, 5.418559217717420e-02, -3.124484457058400e-02, 1.033687735010850e-02, -4.964592750311982e-02, 1.533472405861324e-02, -4.877912794508034e-02 ]
    },
    "CL": 
    {
        "alpha": [ 1.054079029285940e-01 ],
        "shapey": [ 8.475057782291869e-01, -1.945012841138015e-01, 8.306098750782754e-01, -1.898503081880314e-01, 1.222277818663515e+00, -2.261454413372953e-01, 1.287049500225476e+00, -2.067102253042932e-01, 1.055768550934117e+00, 2.113482549911001e-01, 1.109352709615410e+00, 2.179162348869910e-01, 1.720119999599868e+00, 1.891293936113674e+00, 1.725589782846875e+00, 1.880332424950622e+00, -4.012296364295294e+00, -2.523902376428709e+00, -4.071085207250132e+00, -2.575445327488029e+00 ]
    }
},

"Optimization_Iteration_022":
{
    "CD": 
    {
        "alpha": [ 5.811603731827059e-04 ],
        "shapey": [ -3.086467160467681e-02, 2.039843462408876e-02, -3.446623525029709e-02, 5.212340718743000e-02, -1.352349921185862e-02, 1.435575669083111e-02, -2.383645441634912e-02, 3.446869506869610e-02, 7.143945161239437e-03, -3.186480953257872e-03, 1.973324781233925e-02, -9.371754664925793e-03, 3.757486499995518e-02, -2.072709545044261e-02, 5.420068908769834e-02, -3.123392907180223e-02, 1.032447849945596e-02, -4.965027880586427e-02, 1.532046564992265e-02, -4.878671009267498e-02 ]
    },
    "CL": 
    {
        "alpha": [ 1.054043856819236e-01 ],
        "shapey": [ 8.473395154900442e-01, -1.945928611083128e-01, 8.302233931509340e-01, -1.901824170318229e-01, 1.222279917895466e+00, -2.260133475086431e-01, 1.287054596351578e+00, -2.065555904301554e-01, 1.055732176864098e+00, 2.114116374096981e-01, 1.109429779188234e+00, 2.180693058417708e-01, 1.720131521751757e+00, 1.891406608998785e+00, 1.725682414728669e+00, 1.880499467203429e+00, -4.012068463768677e+00, -2.523588334305392e+00, -4.071019328839150e+00, -2.575295779467928e+00 ]
    }
},

"Optimization_Iteration_023":
{
    "CD": 
    {
        "alpha": [ 5.817347064485043e-04 ],
        "shapey": [ -3.083986623809513e-02, 2.039340179480629e-02, -3.443521673423466e-02, 5.212742415805904e-02, -1.350721941825923e-02, 1.432191144271228e-02, -2.381942798022054e-02, 3.443076672665678e-02, 7.125290043828414e-03, -3.177134824685692e-03, 1.971659546122754e-02, -9.368418946432550e-03, 3.754249123720739e-02, -2.069015315380356e-02, 5.416834464361471e-02, -3.119917480087472e-02, 1.032220147379111e-02, -4.964872930976644e-02, 1.531942840736047e-02, -4.878251398214532e-02 ]
    },
    "CL": 
    {
        "alpha": [ 1.054038602023752e-01 ],
        "shapey": [ 8.472493962935059e-01, -1.946608148421369e-01, 8.303237745100354e-01, -1.901056243203603e-01, 1.222325659536592e+00, -2.260057034033564e-01, 1.286931552283067e+00, -2.066447433920764e-01, 1.055794067026975e+00, 2.114352484387084e-01, 1.109251657577234e+00, 2.179401723200208e-01, 1.720059873360259e+00, 1.891348856594765e+00, 1.725536182364451e+00, 1.880399671637690e+00, -4.011925447175015e+00, -2.523449090857554e+00, -4.070764655603178e+00, -2.575040032352603e+00 ]
    }
},

"Optimization_Iteration_024":
{
    "CD": 
    {
        "alpha": [ 5.813908582811261e-04 ],
        "shapey": [ -3.079564440619277e-02, 2.046891594018527e-02, -3.437986962428217e-02, 5.220720758185363e-02, -1.349909386739424e-02, 1.433859254805707e-02, -2.381540482855228e-02, 3.445168913556851e-02, 7.160588517271511e-03, -3.203613524368494e-03, 1.974735520760929e-02, -9.386895359444182e-03, 3.757047862344845e-02, -2.073674497290045e-02, 5.419523854883223e-02, -3.124434374262762e-02, 1.023434191485260e-02, -4.972564751164427e-02, 1.523091868295469e-02, -4.886170735415099e-02 ]
    },
    "CL": 
    {
        "alpha": [ 1.054029845848055e-01 ],
        "shapey": [ 8.484740791259974e-01, -1.934615750514068e-01, 8.316658857570225e-01, -1.887877887663544e-01, 1.222350439658330e+00, -2.259785865260913e-01, 1.287186770396544e+00, -2.064819379661024e-01, 1.055810543654112e+00, 2.113945855605640e-01, 1.109471431304302e+00, 2.180333094688360e-01, 1.720070214939744e+00, 1.891230783782820e+00, 1.725558873512870e+00, 1.880286228667041e+00, -4.013441435278492e+00, -2.525016301733295e+00, -4.072409742235257e+00, -2.576735038002500e+00 ]
    }
},

"Optimization_Iteration_025":
{
    "CD": 
    {
        "alpha": [ 5.813999697962145e-04 ],
        "shapey": [ -3.085012599726762e-02, 2.039707018670542e-02, -3.445513986585878e-02, 5.211906622087236e-02, -1.351448871813273e-02, 1.434389039481797e-02, -2.382712129398614e-02, 3.445627914134936e-02, 7.134702875618777e-03, -3.177314608413109e-03, 1.972341108532026e-02, -9.363049683167271e-03, 3.756046634231015e-02, -2.070576293021913e-02, 5.418578900403361e-02, -3.121258131467655e-02, 1.031879725778987e-02, -4.965778488799995e-02, 1.531486855061778e-02, -4.879409754658684e-02 ]
    },
    "CL": 
    {
        "alpha": [ 1.054039388460851e-01 ],
        "shapey": [ 8.473515166486058e-01, -1.945764696876514e-01, 8.301797142565427e-01, -1.902294446505543e-01, 1.222341743130515e+00, -2.259727073756962e-01, 1.287048019412012e+00, -2.065416410711108e-01, 1.055806970315441e+00, 2.114634677275899e-01, 1.109392982376975e+00, 2.180512095761923e-01, 1.720152888362371e+00, 1.891416806266573e+00, 1.725664545734781e+00, 1.880481205309652e+00, -4.012115838863448e+00, -2.523648411401326e+00, -4.071014964550549e+00, -2.575307414881171e+00 ]
    }
},
