
"Optimization_Iteration_000":
{
    "alpha": [ 9.999990000000000e-03 ],
    "shapey": [ 0.000000000000000e+00, 0.000000000000000e+00, 0.000000000000000e+00, 0.000000000000000e+00, 0.000000000000000e+00, 0.000000000000000e+00, 0.000000000000000e+00, 0.000000000000000e+00, 0.000000000000000e+00, 0.000000000000000e+00, 0.000000000000000e+00, 0.000000000000000e+00, 0.000000000000000e+00, 0.000000000000000e+00, 0.000000000000000e+00, 0.000000000000000e+00, 0.000000000000000e+00, 0.000000000000000e+00, 0.000000000000000e+00, 0.000000000000000e+00 ]
},

"Optimization_Iteration_001":
{
    "alpha": [ 9.977089256153451e-03 ],
    "shapey": [ 8.307592517902427e-07, 8.307592517902427e-07, -8.307592517902427e-07, -8.307592517902427e-07, -6.787942303938720e-03, -6.787942303938720e-03, -5.057079893335243e-03, -5.057079893335243e-03, -5.888684395809148e-03, -5.888684395809148e-03, -5.920060029172013e-03, -5.920060029172013e-03, -1.583029656005962e-02, -1.583029656005962e-02, -1.453602120833378e-02, -1.453602120833378e-02, 3.231021802311794e-04, 3.231021802311794e-04, -3.231021802311794e-04, -3.231021802311794e-04 ]
},

"Optimization_Iteration_002":
{
    "alpha": [ 1.004201309446061e-02 ],
    "shapey": [ 8.588367276782306e-04, 8.588367276782306e-04, -8.588367276782306e-04, -8.588367276782306e-04, -1.638431841754465e-02, -1.638431841754465e-02, -1.290683166003863e-02, -1.290683166003863e-02, -6.955511331191016e-03, -6.955511331191016e-03, -8.190921719132320e-03, -8.190921719132320e-03, -1.256955254237849e-02, -1.256955254237849e-02, -1.129653725596243e-02, -1.129653725596243e-02, 2.397174490582553e-04, 2.397174490582553e-04, -2.397174490582553e-04, -2.397174490582553e-04 ]
},

"Optimization_Iteration_003":
{
    "alpha": [ 1.815198441052108e-02 ],
    "shapey": [ 7.330164024080392e-03, 7.330164024080392e-03, -7.330164024080392e-03, -7.330164024080392e-03, -2.584155085252687e-02, -2.584155085252687e-02, -1.366364399261054e-02, -1.366364399261054e-02, -7.689600294274926e-03, -7.689600294274926e-03, -1.136817092819676e-02, -1.136817092819676e-02, -1.036221944062727e-02, -1.036221944062727e-02, -8.633474323937532e-03, -8.633474323937532e-03, 6.907810180750872e-04, 6.907810180750872e-04, -6.907810180750872e-04, -6.907810180750872e-04 ]
},

"Optimization_Iteration_004":
{
    "alpha": [ 2.335709255834897e-02 ],
    "shapey": [ 1.467342465308571e-02, 1.467342465308571e-02, -1.467342465308571e-02, -1.467342465308571e-02, -2.696205374769324e-02, -2.696205374769324e-02, -6.126495277015727e-03, -6.126495277015727e-03, -7.841301292340914e-03, -7.841301292340914e-03, -1.124827249311690e-02, -1.124827249311690e-02, -8.992358544318861e-03, -8.992358544318861e-03, -6.339491102803733e-03, -6.339491102803733e-03, 3.512297803213478e-03, 3.512297803213478e-03, -3.512297803213478e-03, -3.512297803213478e-03 ]
},

"Optimization_Iteration_005":
{
    "alpha": [ 2.480131917601041e-02 ],
    "shapey": [ 1.689019645883143e-02, 1.689019645883143e-02, -1.689019645883143e-02, -1.689019645883143e-02, -2.642194336884361e-02, -2.642194336884361e-02, -2.919486147543851e-03, -2.919486147543851e-03, -6.446413524631465e-03, -6.446413524631465e-03, -1.177551839257186e-02, -1.177551839257186e-02, 2.887129869863728e-04, 2.887129869863728e-04, 3.019261114378807e-04, 3.019261114378807e-04, 1.191091554958743e-02, 1.191091554958743e-02, -1.191091554958743e-02, -1.191091554958743e-02 ]
},

"Optimization_Iteration_006":
{
    "alpha": [ 4.233971845217009e-02 ],
    "shapey": [ 1.675077707494814e-02, 1.675077707494786e-02, -1.675077707494689e-02, -1.675077707494689e-02, -2.169609438729152e-02, -2.169609438729149e-02, 5.677831373493938e-03, 5.677831373493994e-03, -1.231808566722632e-02, -1.231808566722629e-02, -1.189845064129559e-02, -1.189845064129559e-02, 8.839537252947552e-03, 8.839537252947506e-03, 1.232680160235733e-03, 1.232680160235733e-03, 1.798201628330402e-02, 1.798201628330409e-02, -1.798201628330402e-02, -1.798201628328865e-02 ]
},

"Optimization_Iteration_007":
{
    "alpha": [ 4.108710440050871e-02 ],
    "shapey": [ 1.691871566850518e-02, 1.691871566850512e-02, -1.691871566850490e-02, -1.691871566850490e-02, -2.311878535703251e-02, -2.311878535703250e-02, 1.840077811635838e-03, 1.840077811635850e-03, -1.242817157871857e-02, -1.242817157871856e-02, -1.233153875965230e-02, -1.233153875965230e-02, 9.149951446829492e-03, 9.149951446829481e-03, 3.138748004216154e-03, 3.138748004216154e-03, 1.801906730417630e-02, 1.801906730417632e-02, -1.801906730417630e-02, -1.801906730417281e-02 ]
},

"Optimization_Iteration_008":
{
    "alpha": [ 4.259001880642080e-02 ],
    "shapey": [ 1.701376024737865e-02, 1.701376024737865e-02, -1.701376024737865e-02, -1.701376024737865e-02, -2.360722809500447e-02, -2.360722809500447e-02, 7.932112822057627e-04, 7.932112822057627e-04, -1.311764100085909e-02, -1.311764100085909e-02, -1.222396467929850e-02, -1.222396467929850e-02, 9.656726217557700e-03, 9.656726217557700e-03, 3.727552687381772e-03, 3.727552687381772e-03, 1.822438437256197e-02, 1.822438437256197e-02, -1.822438437256197e-02, -1.822438437256197e-02 ]
},

"Optimization_Iteration_009":
{
    "alpha": [ 4.501210020666483e-02 ],
    "shapey": [ 1.699919479009649e-02, 1.699919479009649e-02, -1.699919479009649e-02, -1.699919479009649e-02, -2.357683144794625e-02, -2.357683144794625e-02, 4.386192546317919e-04, 4.386192546317919e-04, -1.374291107044827e-02, -1.374291107044827e-02, -1.199429661544087e-02, -1.199429661544087e-02, 9.917996838246696e-03, 9.917996838246696e-03, 3.443240835299297e-03, 3.443240835299297e-03, 1.818257818045354e-02, 1.818257818045354e-02, -1.818257818045354e-02, -1.818257818045354e-02 ]
},

"Optimization_Iteration_010":
{
    "alpha": [ 7.067082920763428e-02 ],
    "shapey": [ 1.692849401147816e-02, 1.692849401147816e-02, -1.692849401147816e-02, -1.692849401147816e-02, -2.411770502589395e-02, -2.411770502589395e-02, -1.846673072946520e-03, -1.846673072946520e-03, -1.281033135347343e-02, -1.281033135347343e-02, -8.007080392168211e-03, -8.007080392168211e-03, 9.413228535216218e-03, 9.413228535216218e-03, 1.559228920193218e-03, 1.559228920193218e-03, 1.800757111721351e-02, 1.800757111721351e-02, -1.800757111721351e-02, -1.800757111721351e-02 ]
},

"Optimization_Iteration_011":
{
    "alpha": [ 2.260553804922099e-01 ],
    "shapey": [ 1.648262309649145e-02, 1.648262309649023e-02, -1.648262309649031e-02, -1.648262309649031e-02, -1.758467982259710e-02, -1.758467982259686e-02, -6.173358821234858e-03, -6.173358821234858e-03, -2.677162671329992e-02, -2.677162671329981e-02, -1.267878156934224e-02, -1.267878156934230e-02, 9.241313353085213e-03, 9.241313353084937e-03, 6.100189184304397e-03, 6.100189184304414e-03, 1.872443025447783e-02, 1.872443025447869e-02, -1.872443025447783e-02, -1.872443025447798e-02 ]
},

"Optimization_Iteration_012":
{
    "alpha": [ 2.997752346879735e-01 ],
    "shapey": [ 1.695809790500170e-02, 1.695809790500170e-02, -1.695809790500170e-02, -1.695809790500170e-02, -2.217556043009472e-02, -2.217556043009472e-02, 7.190447007576744e-04, 7.190447007576744e-04, -2.346796495810485e-02, -2.346796495810485e-02, -1.216176495567784e-02, -1.216176495567784e-02, 1.059690155188217e-02, 1.059690155188217e-02, -7.145350964460132e-03, -7.145350964460132e-03, 1.666296314962901e-02, 1.666296314962901e-02, -1.666296314962901e-02, -1.666296314962901e-02 ]
},

"Optimization_Iteration_013":
{
    "alpha": [ 3.304145192906964e-01 ],
    "shapey": [ 1.708337769962258e-02, 1.708337769962258e-02, -1.708337769962258e-02, -1.708337769962258e-02, -2.374689851237712e-02, -2.374689851237712e-02, 2.420787219241606e-03, 2.420787219241606e-03, -6.763397433327427e-03, -6.763397433327427e-03, -1.450693612531540e-02, -1.450693612531540e-02, 2.179690662946168e-03, 2.179690662946168e-03, 5.228034281655438e-03, 5.228034281655438e-03, 1.945824402575703e-02, 1.945824402575703e-02, -1.945824402575703e-02, -1.945824402575703e-02 ]
},

"Optimization_Iteration_014":
{
    "alpha": [ 4.042393876250669e-01 ],
    "shapey": [ 1.691367863141682e-02, 1.691367863141682e-02, -1.691367863141682e-02, -1.691367863141682e-02, -2.051793888849763e-02, -2.051793888849763e-02, 1.491617381860588e-03, 1.491617381860588e-03, -1.174012112279003e-02, -1.174012112279003e-02, -1.408195424509673e-02, -1.408195424509673e-02, 1.818729213494659e-03, 1.818729213494659e-03, 4.150103004923418e-03, 4.150103004923418e-03, 1.939076154409020e-02, 1.939076154409020e-02, -1.939076154409020e-02, -1.939076154409020e-02 ]
},

"Optimization_Iteration_015":
{
    "alpha": [ 9.193498042450268e-01 ],
    "shapey": [ 1.724302294632804e-02, 1.724302294633416e-02, -1.724302294632097e-02, -1.724302294632098e-02, -2.697737585092110e-02, -2.697737585091833e-02, 3.325081930849182e-03, 3.325081930849182e-03, -2.287996569588151e-02, -2.287996569588283e-02, -5.221977060761877e-02, -5.221977060762047e-02, -1.965777106049157e-03, -1.965777106048887e-03, 2.397237410362748e-02, 2.397237410362719e-02, 2.253193231989730e-02, 2.253193231989101e-02, -2.253193231989725e-02, -2.253193232026552e-02 ]
},

"Optimization_Iteration_016":
{
    "alpha": [ 5.792598925160581e-01 ],
    "shapey": [ 1.682631141556499e-02, 1.682631141556499e-02, -1.682631141556499e-02, -1.682631141556499e-02, -1.706693306595262e-02, -1.706693306595262e-02, 2.829077502771843e-03, 2.829077502771843e-03, -1.440067620291114e-02, -1.440067620291114e-02, -1.597247317137176e-02, -1.597247317137176e-02, -1.147709167349846e-03, -1.147709167349846e-03, 3.519588812230960e-03, 3.519588812230960e-03, 1.972254139877098e-02, 1.972254139877098e-02, -1.972254139877098e-02, -1.972254139877098e-02 ]
},

"Optimization_Iteration_017":
{
    "alpha": [ 5.489678554250083e-01 ],
    "shapey": [ 1.684597847966079e-02, 1.684597847966079e-02, -1.684597847966079e-02, -1.684597847966079e-02, -1.799785437209793e-02, -1.799785437209793e-02, 2.393058233891234e-03, 2.393058233891234e-03, -1.290712961385420e-02, -1.290712961385420e-02, -1.606770571555918e-02, -1.606770571555918e-02, -1.139183194622051e-03, -1.139183194622051e-03, 4.906297720433375e-03, 4.906297720433375e-03, 1.990584860666333e-02, 1.990584860666333e-02, -1.990584860666333e-02, -1.990584860666333e-02 ]
},

"Optimization_Iteration_018":
{
    "alpha": [ 5.525059927948208e-01 ],
    "shapey": [ 1.684672056676565e-02, 1.684672056676565e-02, -1.684672056676565e-02, -1.684672056676565e-02, -1.790021681987853e-02, -1.790021681987853e-02, 2.505215327473242e-03, 2.505215327473242e-03, -1.318447448426880e-02, -1.318447448426880e-02, -1.609765128888606e-02, -1.609765128888606e-02, -1.074707690461402e-03, -1.074707690461402e-03, 4.609339447505405e-03, 4.609339447505405e-03, 1.985674513676328e-02, 1.985674513676328e-02, -1.985674513676328e-02, -1.985674513676328e-02 ]
},
