
"Optimization_Iteration_000":
{
    "CD": 
    {
        "alpha": [ 7.465264724587015e-04 ],
        "shapey": [ -1.652255572461230e-02, -1.650612899893196e-02, 8.921387532015462e-03, 8.887263288809791e-03, 9.020882685795577e-03, 9.044286106186957e-03, 9.065212278282483e-03, 9.031000099535554e-03, 6.002474203229623e-03, 6.009476768208510e-03, 8.304561647660597e-03, 8.291969142203842e-03, 1.891445607312648e-02, 1.892561115786714e-02, 1.495934062520179e-02, 1.496343128028452e-02, -4.852917508110212e-02, -4.849660982817467e-02, -1.015189508817835e-02, -1.013498816749297e-02 ]
    },
    "CL": 
    {
        "alpha": [ 1.382740499479004e-01 ],
        "shapey": [ 4.796122279668891e-01, 4.778844969813376e-01, 3.071076268079123e-01, 3.061122584668976e-01, 7.029682263501177e-01, 7.022319459864238e-01, 7.319604258600010e-01, 7.310663103030035e-01, 8.752200891662175e-01, 8.752142265909079e-01, 8.602897195709959e-01, 8.601916288734968e-01, 2.853070933733105e+00, 2.853568659987500e+00, 1.847669344717683e+00, 1.848082205345338e+00, -6.859504659297697e+00, -6.857714080323744e+00, -1.797936050438031e+00, -1.797095536647096e+00 ]
    }
},

"Optimization_Iteration_001":
{
    "CD": 
    {
        "alpha": [ 3.868993833202996e-04 ],
        "shapey": [ -7.126048021340183e-02, 3.157099902979276e-02, -4.637795191839766e-02, 6.404380704278537e-02, -2.817108500577440e-02, 4.296130866876420e-02, -3.863208628908350e-02, 5.507361059017032e-02, 1.555160711251075e-02, -7.681987772999437e-03, 3.068391604064944e-02, -1.765681822674195e-02, 6.772505061704674e-02, -4.568498499065020e-02, 7.107872958947736e-02, -5.165581680918823e-02, 1.938050331229561e-02, -8.011628745467005e-02, 2.532533299152042e-02, -3.615736631354286e-02 ]
    },
    "CL": 
    {
        "alpha": [ 1.378603192065141e-01 ],
        "shapey": [ 1.294869346012469e+00, -3.911493288819933e-01, 8.557394055454048e-01, -2.244800303255049e-01, 1.760802060818084e+00, -3.352484952925909e-01, 1.738838503946746e+00, -2.795121904891530e-01, 1.438992492974273e+00, 3.278392002719856e-01, 1.510482697973562e+00, 2.232925991240706e-01, 2.624185757555427e+00, 3.123727944681865e+00, 1.886883815309782e+00, 1.849546040884583e+00, -8.268291619264636e+00, -5.566987883635856e+00, -2.417899336400493e+00, -1.151630980808960e+00 ]
    }
},

"Optimization_Iteration_002":
{
    "CD": 
    {
        "alpha": [ 5.361027366521474e-04 ],
        "shapey": [ -6.137269814147320e-02, 3.200657895661283e-02, -4.211680354790230e-02, 6.254696557129553e-02, -3.069127659316598e-02, 4.090092207340203e-02, -4.181904433763212e-02, 5.507972955338358e-02, 1.016558263840806e-02, -2.393109547649416e-03, 2.436936627003749e-02, -1.152226190664848e-02, 6.566776267258727e-02, -4.036128608590470e-02, 6.781352033787005e-02, -4.620546815931732e-02, 1.746371086420941e-02, -8.656455955646057e-02, 2.519657489164297e-02, -3.816420595328543e-02 ]
    },
    "CL": 
    {
        "alpha": [ 1.383455088186623e-01 ],
        "shapey": [ 1.319622243406609e+00, -3.761132652578672e-01, 8.540429729767270e-01, -2.302608104860306e-01, 1.769370641118604e+00, -3.387772902175128e-01, 1.726690672031944e+00, -2.843694392231506e-01, 1.446318282638897e+00, 3.316787176453441e-01, 1.501456141615505e+00, 2.183018988903651e-01, 2.634190907626094e+00, 3.133747016940184e+00, 1.891859069849405e+00, 1.852329274830101e+00, -8.287141935275521e+00, -5.581072362585262e+00, -2.424076990786328e+00, -1.157795745737042e+00 ]
    }
},

"Optimization_Iteration_003":
{
    "CD": 
    {
        "alpha": [ 7.109877790424839e-04 ],
        "shapey": [ -5.043873206541628e-02, 3.430560123101899e-02, -3.868337880757470e-02, 6.067157086259144e-02, -3.171436179609433e-02, 3.606296419442110e-02, -4.269567228120561e-02, 5.388323179527030e-02, 6.935893971099891e-03, 3.927778333477142e-04, 2.096630641031369e-02, -8.165761814793860e-03, 6.389896932128411e-02, -3.541790916332014e-02, 6.564407978159673e-02, -4.203521517486977e-02, 1.303617013066141e-02, -9.123309436394063e-02, 2.387179885708884e-02, -3.928523892153965e-02 ]
    },
    "CL": 
    {
        "alpha": [ 1.387951012763822e-01 ],
        "shapey": [ 1.332124811198589e+00, -3.669647020919585e-01, 8.525728549316132e-01, -2.349706193699250e-01, 1.778299519900808e+00, -3.409670728117346e-01, 1.722608382969971e+00, -2.879083608201332e-01, 1.456943158451114e+00, 3.353461977851170e-01, 1.499157394419274e+00, 2.147594706842280e-01, 2.645736132114743e+00, 3.142285190787842e+00, 1.895905260769001e+00, 1.852912305328550e+00, -8.304074336136834e+00, -5.594554002720224e+00, -2.432582590007808e+00, -1.166628995382006e+00 ]
    }
},

"Optimization_Iteration_004":
{
    "CD": 
    {
        "alpha": [ 7.737652221555371e-04 ],
        "shapey": [ -4.715735252514922e-02, 3.618337273004285e-02, -3.874452679199240e-02, 6.005799503056578e-02, -3.137020154830650e-02, 3.315834112213980e-02, -4.184100421847280e-02, 5.386394232548198e-02, 7.619576879323396e-03, -6.705415268916833e-04, 2.233713328105932e-02, -9.136564495003285e-03, 6.396500567314793e-02, -3.474292639795544e-02, 6.639976030373271e-02, -4.235617356834209e-02, 1.016315386448337e-02, -9.143809629259904e-02, 2.279984667850891e-02, -3.909074052377620e-02 ]
    },
    "CL": 
    {
        "alpha": [ 1.394537857858460e-01 ],
        "shapey": [ 1.338719054017113e+00, -3.622116293205761e-01, 8.570000328278681e-01, -2.334111739043942e-01, 1.780720226471564e+00, -3.453516890281171e-01, 1.729647421764196e+00, -2.926456241605686e-01, 1.464985250144170e+00, 3.360694044819088e-01, 1.510482341121005e+00, 2.162511203848801e-01, 2.655196473283810e+00, 3.150792352959197e+00, 1.903767327357184e+00, 1.858740061373107e+00, -8.335952450788525e+00, -5.617116790552728e+00, -2.442941799254582e+00, -1.172739909177030e+00 ]
    }
},

"Optimization_Iteration_005":
{
    "CD": 
    {
        "alpha": [ 7.554480468287246e-04 ],
        "shapey": [ -4.617425826014713e-02, 3.436807008500883e-02, -3.837614249082497e-02, 5.901503127002510e-02, -3.401508923645537e-02, 3.559246890373200e-02, -4.452710478216312e-02, 5.704691227757340e-02, 3.898701532596116e-03, 3.032705981964897e-03, 1.850412692983919e-02, -5.281874619539981e-03, 6.256051655244382e-02, -3.324824598458241e-02, 6.481580732774181e-02, -4.014450616810969e-02, 1.285305122058536e-02, -9.387253244272831e-02, 2.404654040296075e-02, -4.009417849980655e-02 ]
    },
    "CL": 
    {
        "alpha": [ 1.408752360646752e-01 ],
        "shapey": [ 1.369005678244420e+00, -3.496155593362720e-01, 8.650904539451562e-01, -2.318663703617512e-01, 1.796881125344900e+00, -3.483876082435243e-01, 1.730569323776524e+00, -3.027776610814599e-01, 1.474738269643507e+00, 3.395312624078720e-01, 1.520107596618745e+00, 2.179366748126519e-01, 2.645195325594732e+00, 3.156645229517749e+00, 1.915077523533039e+00, 1.874834355968451e+00, -8.400970765585109e+00, -5.648950374697203e+00, -2.454797311431480e+00, -1.168247168671676e+00 ]
    }
},

"Optimization_Iteration_006":
{
    "CD": 
    {
        "alpha": [ 6.653072780730823e-04 ],
        "shapey": [ -5.044717437810030e-02, 3.243622504572428e-02, -4.063247545584556e-02, 5.936809954057338e-02, -3.361873343013314e-02, 3.735331127446359e-02, -4.332123568948840e-02, 5.858776023544847e-02, 3.523040221096393e-03, 3.188393352852958e-03, 1.960601307783499e-02, -6.330861134469609e-03, 6.109850343642359e-02, -3.307919971638867e-02, 6.431122664084633e-02, -4.065104139022343e-02, 1.552650728119812e-02, -9.225358189536219e-02, 2.479874112044272e-02, -3.946351813685074e-02 ]
    },
    "CL": 
    {
        "alpha": [ 1.422745572861701e-01 ],
        "shapey": [ 1.395853986763110e+00, -3.409102829638177e-01, 8.787616514446743e-01, -2.273909161845056e-01, 1.809687201759812e+00, -3.565106129457122e-01, 1.743435899258918e+00, -3.102427938231967e-01, 1.486512438050344e+00, 3.438135176036314e-01, 1.530199267509391e+00, 2.195243234719775e-01, 2.632455237879257e+00, 3.161766210793632e+00, 1.913446074111888e+00, 1.883861244883770e+00, -8.460845491509788e+00, -5.675889929221721e+00, -2.465816853038945e+00, -1.161710173841687e+00 ]
    }
},

"Optimization_Iteration_007":
{
    "CD": 
    {
        "alpha": [ 6.992919200363027e-04 ],
        "shapey": [ -4.802779527895536e-02, 3.242587701634465e-02, -3.923416411716606e-02, 5.874983300707549e-02, -3.416863915159305e-02, 3.703963087856389e-02, -4.452888805735945e-02, 5.851246235826591e-02, 2.048886019341351e-03, 4.690295597313206e-03, 1.740802177018450e-02, -4.215967264648655e-03, 6.060172548308500e-02, -3.186953254362541e-02, 6.332880109341955e-02, -3.899726826908635e-02, 1.539884921997813e-02, -9.399748755793319e-02, 2.492597672937388e-02, -4.009061693264494e-02 ]
    },
    "CL": 
    {
        "alpha": [ 1.421219236771908e-01 ],
        "shapey": [ 1.394594855815396e+00, -3.404863736443796e-01, 8.753863305897774e-01, -2.291755509322294e-01, 1.811218869528684e+00, -3.532732244525716e-01, 1.735975673427606e+00, -3.110663037368682e-01, 1.487969080706878e+00, 3.451950957579411e-01, 1.527300785264943e+00, 2.185704719291804e-01, 2.631956560922937e+00, 3.157926122105879e+00, 1.915874190301103e+00, 1.882969625818055e+00, -8.453832638936458e+00, -5.672692400489707e+00, -2.462922896215865e+00, -1.161488273760482e+00 ]
    }
},

"Optimization_Iteration_008":
{
    "CD": 
    {
        "alpha": [ 7.112995808500975e-04 ],
        "shapey": [ -4.713541210804243e-02, 3.236734158741288e-02, -3.879247757093526e-02, 5.853392865435535e-02, -3.429477741586914e-02, 3.687069332211682e-02, -4.491631609387371e-02, 5.852534638880342e-02, 1.498644485259087e-03, 5.234144089337027e-03, 1.668504745401048e-02, -3.500653291462746e-03, 6.032948164660321e-02, -3.134888671620373e-02, 6.295691757465194e-02, -3.840966304068331e-02, 1.534246080834491e-02, -9.460832682490634e-02, 2.496040757335497e-02, -4.029790052225244e-02 ]
    },
    "CL": 
    {
        "alpha": [ 1.420713080706985e-01 ],
        "shapey": [ 1.392901484277122e+00, -3.412559688043291e-01, 8.734112852495342e-01, -2.305062915741005e-01, 1.812602904594086e+00, -3.518860042827791e-01, 1.735289045331288e+00, -3.102595612551543e-01, 1.489413088859137e+00, 3.460941304640706e-01, 1.526949674045113e+00, 2.182159474823857e-01, 2.631228376931738e+00, 3.156419932024519e+00, 1.916345491525654e+00, 1.882421528090426e+00, -8.452565482344454e+00, -5.671600210056364e+00, -2.462157144311682e+00, -1.161062226245663e+00 ]
    }
},

"Optimization_Iteration_009":
{
    "CD": 
    {
        "alpha": [ 7.143823412132126e-04 ],
        "shapey": [ -4.694237005890863e-02, 3.237979794518730e-02, -3.868051798685140e-02, 5.848951275479752e-02, -3.419316802893356e-02, 3.671995222445067e-02, -4.488425845943736e-02, 5.840014862865168e-02, 1.443632253767767e-03, 5.265463585594238e-03, 1.663071807553852e-02, -3.452938071249058e-03, 6.022383952029849e-02, -3.117584603311050e-02, 6.286096770449309e-02, -3.828846276384198e-02, 1.524033069164892e-02, -9.466701596718374e-02, 2.492209645614834e-02, -4.029188247099078e-02 ]
    },
    "CL": 
    {
        "alpha": [ 1.420685444635682e-01 ],
        "shapey": [ 1.392656152243262e+00, -3.413575754764369e-01, 8.731680679071162e-01, -2.307191250956145e-01, 1.812934345025388e+00, -3.517582761848269e-01, 1.735249771220719e+00, -3.101826769393323e-01, 1.490047371045632e+00, 3.464235036289259e-01, 1.526840385358784e+00, 2.180960035369396e-01, 2.631357178050443e+00, 3.156377267033967e+00, 1.916050318671854e+00, 1.882079511445071e+00, -8.452795991081915e+00, -5.671899557485777e+00, -2.461804354181414e+00, -1.160762318721640e+00 ]
    }
},

"Optimization_Iteration_010":
{
    "CD": 
    {
        "alpha": [ 7.285717654674419e-04 ],
        "shapey": [ -4.635221781939766e-02, 3.276787474914827e-02, -3.851600976569985e-02, 5.858624777622708e-02, -3.459907790183546e-02, 3.677998905019030e-02, -4.563969525845171e-02, 5.868012927105536e-02, 1.721866603766135e-03, 5.030256988547071e-03, 1.687995694016711e-02, -3.451730756174047e-03, 6.093425458795997e-02, -3.182679407639368e-02, 6.361547168008949e-02, -3.897475148556096e-02, 1.467056575317257e-02, -9.468900922416619e-02, 2.475302568667177e-02, -4.037035279928887e-02 ]
    },
    "CL": 
    {
        "alpha": [ 1.420092159727689e-01 ],
        "shapey": [ 1.390264472345418e+00, -3.422597816280117e-01, 8.714688086536503e-01, -2.316535515865808e-01, 1.811944734905235e+00, -3.516595128829836e-01, 1.737178536995392e+00, -3.086566609131182e-01, 1.488543754683602e+00, 3.447509492698060e-01, 1.530580847488377e+00, 2.198000267113685e-01, 2.631346764877013e+00, 3.155347416083497e+00, 1.917541756913893e+00, 1.882153287192396e+00, -8.449667656898423e+00, -5.670050909137668e+00, -2.463788801577418e+00, -1.163184481494905e+00 ]
    }
},

"Optimization_Iteration_011":
{
    "CD": 
    {
        "alpha": [ 7.613358780555442e-04 ],
        "shapey": [ -4.557112509948576e-02, 3.367689843753021e-02, -3.675612369208173e-02, 5.811136219014354e-02, -2.932081784705688e-02, 3.189982209211692e-02, -4.175794376843828e-02, 5.331634658390948e-02, 3.194446412763764e-03, 3.050343498565764e-03, 1.750294143881072e-02, -4.694575153071971e-03, 5.893799282216395e-02, -2.919922806134193e-02, 6.189585145795337e-02, -3.666178676548739e-02, 1.239081372658817e-02, -9.396308171651346e-02, 2.364547468769817e-02, -3.969761124470824e-02 ]
    },
    "CL": 
    {
        "alpha": [ 1.416129210232079e-01 ],
        "shapey": [ 1.376944056979267e+00, -3.489606914872683e-01, 8.686450761788898e-01, -2.338438053104839e-01, 1.805045695332733e+00, -3.528235327187547e-01, 1.731679971461168e+00, -3.066015447394456e-01, 1.503775157668415e+00, 3.541317174131487e-01, 1.526449762843520e+00, 2.181501327628376e-01, 2.640833518475140e+00, 3.150354590634357e+00, 1.919082442378543e+00, 1.876347268204452e+00, -8.436990372761924e+00, -5.666674265916734e+00, -2.460031335077308e+00, -1.165513842320669e+00 ]
    }
},

"Optimization_Iteration_012":
{
    "CD": 
    {
        "alpha": [ 7.865156270676138e-04 ],
        "shapey": [ -4.618160450737117e-02, 3.581441922745299e-02, -3.856996270603168e-02, 5.947370055618702e-02, -2.856629000700631e-02, 3.020929617621900e-02, -3.794964693243627e-02, 5.120924771514887e-02, 6.077192747314008e-03, 1.060087460984360e-04, 2.310122753673771e-02, -1.005612800676934e-02, 5.967517998781564e-02, -2.986805619976501e-02, 6.350414406055838e-02, -3.944617262690836e-02, 9.072665958589781e-03, -9.150653007579851e-02, 2.203539486808630e-02, -3.813408651818276e-02 ]
    },
    "CL": 
    {
        "alpha": [ 1.419537497481705e-01 ],
        "shapey": [ 1.381807108603439e+00, -3.494999119197176e-01, 8.792324805212723e-01, -2.313057485343462e-01, 1.809809963658647e+00, -3.561881861849517e-01, 1.750897291315321e+00, -3.051475208253913e-01, 1.495212237082150e+00, 3.493314462113505e-01, 1.525945532258505e+00, 2.180777582230746e-01, 2.640940381555712e+00, 3.165429964592583e+00, 1.903686377294664e+00, 1.876312507618039e+00, -8.452793823931641e+00, -5.673828584190715e+00, -2.464523509458183e+00, -1.163395763888952e+00 ]
    }
},

"Optimization_Iteration_013":
{
    "CD": 
    {
        "alpha": [ 7.595735072925183e-04 ],
        "shapey": [ -4.785511846689851e-02, 3.567863007837627e-02, -3.922824523185634e-02, 5.978230054704584e-02, -3.169389869985356e-02, 3.354646140321566e-02, -4.112492565146305e-02, 5.450300277590856e-02, 6.557813414432482e-03, 2.848037504680385e-04, 2.213126970356987e-02, -8.879185689248725e-03, 6.298573014775154e-02, -3.428537874721218e-02, 6.631730593219409e-02, -4.168599064349020e-02, 1.094989093033251e-02, -9.176685837189896e-02, 2.301688063673906e-02, -3.923448781798906e-02 ]
    },
    "CL": 
    {
        "alpha": [ 1.419314286053218e-01 ],
        "shapey": [ 1.383682016919256e+00, -3.476027748131919e-01, 8.795977615161781e-01, -2.281370354041365e-01, 1.800044607535227e+00, -3.581142339739659e-01, 1.744592427100071e+00, -3.070057574046099e-01, 1.481221708145294e+00, 3.402028901890859e-01, 1.532892508353372e+00, 2.232380579056673e-01, 2.639373077458781e+00, 3.159322689283163e+00, 1.921839029962122e+00, 1.887386683485032e+00, -8.440753493310108e+00, -5.664996212463616e+00, -2.472983373939449e+00, -1.173800576543622e+00 ]
    }
},

"Optimization_Iteration_014":
{
    "CD": 
    {
        "alpha": [ 7.640624729235591e-04 ],
        "shapey": [ -4.855841748834944e-02, 3.639287198646213e-02, -3.916167530339213e-02, 5.998109187123925e-02, -2.941238383313811e-02, 3.163007339772111e-02, -3.906269758423277e-02, 5.230894424182891e-02, 8.267202159726188e-03, -1.579598166282583e-03, 2.390840295881357e-02, -1.071438956131990e-02, 6.281380511846633e-02, -3.421338726900850e-02, 6.652749936115336e-02, -4.203926355425937e-02, 9.627449386205409e-03, -9.046328208661676e-02, 2.233065495376606e-02, -3.858290058899584e-02 ]
    },
    "CL": 
    {
        "alpha": [ 1.417973416732777e-01 ],
        "shapey": [ 1.378202950629430e+00, -3.508485918686229e-01, 8.796892340787309e-01, -2.285672925065678e-01, 1.795371513925274e+00, -3.602859325979245e-01, 1.746897784540534e+00, -3.050487930429207e-01, 1.484836786915502e+00, 3.424558401871802e-01, 1.534002405002801e+00, 2.243429725625901e-01, 2.642801874655781e+00, 3.159458187913498e+00, 1.920541190870380e+00, 1.885499833351330e+00, -8.437369172239107e+00, -5.663638374069967e+00, -2.473300673712706e+00, -1.175041744595123e+00 ]
    }
},

"Optimization_Iteration_015":
{
    "CD": 
    {
        "alpha": [ 9.930291283834838e-04 ],
        "shapey": [ -3.842517676861188e-02, 4.098750737981873e-02, -3.352110151848814e-02, 5.826017905446711e-02, -1.988247618565711e-02, 1.802268839686521e-02, -2.778800696444641e-02, 3.712083551384105e-02, 8.812587891850614e-03, -2.692363109640014e-03, 2.354561191536824e-02, -1.282001736467495e-02, 5.673200785573435e-02, -2.398680788295262e-02, 6.015954551908605e-02, -3.265415452078427e-02, 4.134319350262747e-04, -9.291152857980203e-02, 1.841723515920352e-02, -3.778999772627012e-02 ]
    },
    "CL": 
    {
        "alpha": [ 1.410900719598354e-01 ],
        "shapey": [ 1.350947743527029e+00, -3.692398951741522e-01, 8.833997391900378e-01, -2.330455278906648e-01, 1.803669502722410e+00, -3.501308556920273e-01, 1.734732009335267e+00, -3.028051796130903e-01, 1.506495563870051e+00, 3.595898874086703e-01, 1.501743206945394e+00, 2.130630500028910e-01, 2.658170022440989e+00, 3.152639815844247e+00, 1.915978700466562e+00, 1.876014782485101e+00, -8.404490451474908e+00, -5.651537516802873e+00, -2.464739713356389e+00, -1.180454884235322e+00 ]
    }
},

"Optimization_Iteration_016":
{
    "CD": 
    {
        "alpha": [ 7.783435523945545e-04 ],
        "shapey": [ -5.019864038824712e-02, 3.838911879023943e-02, -3.960430070073486e-02, 6.079220417550687e-02, -2.595154049974319e-02, 2.846951271454964e-02, -3.497172998329882e-02, 4.843002658208176e-02, 1.211985754733774e-02, -5.580997185429686e-03, 2.818242878345331e-02, -1.510307074313204e-02, 6.356911855068445e-02, -3.523605172195900e-02, 6.797416782312017e-02, -4.371846454050816e-02, 6.753054219394409e-03, -8.783626466527041e-02, 2.090851352275272e-02, -3.738694228080088e-02 ]
    },
    "CL": 
    {
        "alpha": [ 1.416865355635481e-01 ],
        "shapey": [ 1.371194127128308e+00, -3.558762444677430e-01, 8.844135018067451e-01, -2.268165744644866e-01, 1.786295536597522e+00, -3.652565890581158e-01, 1.753395837049175e+00, -3.027810240933568e-01, 1.485070461344971e+00, 3.428042198902431e-01, 1.535926947711309e+00, 2.263373926251155e-01, 2.649586698047987e+00, 3.163270926735092e+00, 1.919948024381646e+00, 1.886103926804823e+00, -8.433588631913111e+00, -5.662175690764334e+00, -2.477800425388015e+00, -1.180052419973954e+00 ]
    }
},

"Optimization_Iteration_017":
{
    "CD": 
    {
        "alpha": [ 7.768817447860220e-04 ],
        "shapey": [ -4.971201419607940e-02, 3.794096420171165e-02, -3.940027441575576e-02, 6.056449776324975e-02, -2.680762757887561e-02, 2.920602023914728e-02, -3.603756081321260e-02, 4.934279783951886e-02, 1.124081444072744e-02, -4.631204873608156e-03, 2.704376653220506e-02, -1.394894061844732e-02, 6.352053278605924e-02, -3.513865196984922e-02, 6.771771300187746e-02, -4.331546274097956e-02, 7.405735809854984e-03, -8.850603640089846e-02, 2.125035663888642e-02, -3.773542564555350e-02 ]
    },
    "CL": 
    {
        "alpha": [ 1.416871015836996e-01 ],
        "shapey": [ 1.372229229092485e+00, -3.549629735425732e-01, 8.831147371524674e-01, -2.271751418263244e-01, 1.787680117219154e+00, -3.640064877037549e-01, 1.751008627321938e+00, -3.033344518558176e-01, 1.484473775778588e+00, 3.423952045808537e-01, 1.535575249866473e+00, 2.261433793876577e-01, 2.648572318344698e+00, 3.161915685157835e+00, 1.921681271562692e+00, 1.886718342239268e+00, -8.433235726160495e+00, -5.661821086325398e+00, -2.477212011741397e+00, -1.179760058548092e+00 ]
    }
},

"Optimization_Iteration_018":
{
    "CD": 
    {
        "alpha": [ 7.771497517436174e-04 ],
        "shapey": [ -4.976505906168049e-02, 3.799840304681817e-02, -3.942995641008332e-02, 6.059414371508049e-02, -2.667409377948297e-02, 2.908340998133294e-02, -3.585524875039241e-02, 4.919282627373091e-02, 1.135501256430534e-02, -4.759590666357092e-03, 2.721226703841436e-02, -1.412477455927926e-02, 6.349305807885502e-02, -3.511540293334019e-02, 6.772381519378098e-02, -4.335145031958301e-02, 7.302391554850123e-03, -8.840023400937960e-02, 2.119363884310178e-02, -3.767315580061183e-02 ]
    },
    "CL": 
    {
        "alpha": [ 1.416907092302459e-01 ],
        "shapey": [ 1.372159269418713e+00, -3.550712320300285e-01, 8.833590225146379e-01, -2.271228858302119e-01, 1.787630542232828e+00, -3.641567571212785e-01, 1.751437254332682e+00, -3.032554224712034e-01, 1.484593777804885e+00, 3.424787638791136e-01, 1.535511922359609e+00, 2.260977425857337e-01, 2.648715392965786e+00, 3.162219501380802e+00, 1.921247031176385e+00, 1.886565766277777e+00, -8.433508921999747e+00, -5.661981266893651e+00, -2.477236315895793e+00, -1.179683184686264e+00 ]
    }
},
